dist/data/perlin8_5_2_m_direction.json
{"header": { "nx": 708, "ny": 282, "lo1": -179.1257043447, "lo2": 174.874295655, "la1": 83.52724844, "la2": -59.47275156, "dx": 0.5072870648, "dy": 0.5072870648, "noData": -9, "forecastTime": 6, "refTime": "2013-11-30T18:00:00.000Z", "parameterCategory": 2, "parameterNumber": 3, "parameterNumberName": "V component" }, "data":
[rows 0 to 55 of 282, columns 96 to 191 of 708]
0,0,0,0,0,0,0,0,0,0,0,0,0,0,0,0,0,0,0,0,0,0,0,0,0,0,0,0,0,0,0,0,0,0,0,0,0,0,0,0,0,0,0,0,0,0,0,0,0,0,0,0,0,0,0,0,0,0,0,0,0,0,0,0,0,0,0,0,0,0,0,0,0,0,0,0,0,0,0,0,0,0,0,0,0,0,0,0,0,0,0,0,0,0,0,0
0,0,0,0,0,0,0,0,0,0,0,0,0,0,0,0,0,0,0,0,0,0,0,0,0,0,0,0,0,0,0,0,0,0,0,0,0,0,0,0,0,0,0,0,0,0,0,0,0,0,0,0,0,0,0,0,0,0,0,0,0,0,0,0,0,0,0,0,0,0,0,0,0,0,0,0,0,0,0,0,0,0,0,0,0,0,0,0,0,0,0,0,0,0,0,0
0,0,0,0,0,0,0,0,0,0,0,0,0,0,0,0,0,0,0,0,0,0,0,0,0,0,0,0,0,0,0,0,0,0,0,0,0,0,0,0,0,0,0,0,0,0,0,0,0,0,0,0,0,0,0,0,0,0,0,0,0,0,0,0,0,0,0,0,0,0,0,0,0,0,0,0,0,0,0,0,0,0,0,0,0,0,0,0,0.773,0.860,-0.72,0.784,0,0,0,0.035
0,0,0,0,0,0,0,0,0,0,0,0,0,0,0,0,0,0,0,0,0,0,0,0,0,0,0,0,0,0,0,0,0,0,0,0,0,0,0,0,0,0,0,0,0,0,0,0,0,0,0,0,0,0,0,0,0,0,0,0,0,0,0,0,0,0,0,0,0,0,0,0,0,0,0,0,0,0.926,-0.94,-0.67,0.436,0.850,-0.99,0.270,-0.13,-0.00,-0.40,-0.76,0.920,0.513,-0.94,0.452,-0.50,0.379,-0.77,0.968
0,0,0,0,0,0,0,0,0,0,0,0,0,0,0,0,0,0,0,0,0,0,0,0,0,0,0,0,0,0,0,0,0,0,0,0,0,0,0,0,0,0,0,0,0,0,0,0,0,0,0,0,0,0,0,0,0,0,0,0,0,0,0,0,0,0,0,0,0,0,0,0.313,0.035,0.683,0,0,0,0,0,0,-0.30,-0.76,-0.15,0.529,-0.40,-0.66,0.529,0.901,-0.52,-0.89,0.999,-0.99,-0.62,-0.62,0.513,-0.67
0,0,0,0,0,0,0,0,0,0,0,0,0,0,0,0,0,0,0,0,0,0,0,0,0,0,0,0,0,0,0,0,0,0,0,0,0,0,0,0,0,0,0,0,0,0,0,0,0,0,0,0,0,0,0,0,0,0,0,0,0,0,0,0,0,0,0,0,0,0,0.860,-0.77,0.683,0.983,0.622,0.816,0.816,0,0,0,0,0,-0.15,-0.99,-0.42,0.999,0,-0.76,0.436,0.167,0.826,0.167,0,-0.11,0.773,-0.85
0,0,0,0,0,0,0,0,0,0,0,0,0,0,0,0,0,0,0,0,0,0,0,0,0,0,0,0,0,0,0,0,0,0,0,0,0,0,0,0,0,0,0,0,0,0,0,0,0,0,0,0,0,0,0,0,0,0,0,0,0,0,0,0,0,0,0.968,0.035,-0.77,0.379,-0.50,-0.50,-0.99,-0.57,-0.50,0.452,-0.99,0.379,0.893,0.566,0.636,0,-0.83,-0.15,0,0,0.745,0.670,0,0,0,0,0,0.636,0.826,-0.02
0,0,0,0,0,0,0,0,0,0,0,0,0,0,0,0,0,0,0,0,0,0,0,0,0,0,0,0,0,0,0,0,0,0,0,0,0,0,0,0,0,0,0,0,0,0,0,0,0,0,0,0,0,0,0,0,0,0,0,0,0,-0.38,0,0,0,0,0,-0.57,0.452,0.994,-0.99,0.683,0.893,-0.82,0.035,-0.94,0.379,-0.94,0.035,0.566,0.920,0.992,-0.52,0.395,0.986,0,0.395,0.992,0.826,0.826,0.436,0.123,-0.83,0.901,-0.55,0
0,0,0,0,0,0,0,0,0,0,0,0,0,0,0,0,0,0,0,0,0,0,0,0,0,0,0,0,0,0,0,0,0,0,0,0,0,0,0,0,0,0,0,0,0,0,0,0,0,-0.99,-0.44,-0.99,0.513,-0.11,0,0,0,0,0,0,0,0,0,0,0,0,0,0,0,0,0,0.733,0,0,-0.38,-0.92,-0.57,0.983,0.035,0.513,-0.11,-0.11,-0.11,0.826,-0.96,-0.96,-0.73,0.920,-0.85,0,0,-0.15,0.529,-0.42,-0.83,0.636
0,0,0,0,0,0,0,0,0,0,0,0,0,0,0,0,0,0,0,0,0,0,0,0,0,0,0,0,0,0,0,0,0,0,0,0,0,0,0,0,0,0,0,0,0,0,0,0,0,0,0,0,0,-0.11,0.167,0.920,0.773,-0.67,0.773,0,0,0,0,0.167,0.773,0,0,0,0,0,0,0,0.773,-0.85,-0.11,-0.44,-0.77,0.683,0.860,0.513,0.773,0.773,-0.11,-0.89,0.826,0,0.826,-0.85,0.773,0.826,-0.52,-0.83,0.999,-0.99,0.901,-0.73
0,0,0,0,0,0,0,0,0,0,0,0,0,0,0,0,0,0,0,0,0,0,0,0,0,0,0,0,0,0,0,0,0,0,0,0,0,0,0,0,0,0,0,0,0,0,0,0,0,0,0,0,0,0,0.773,0,-0.99,-0.99,-0.67,0.992,0.123,0,0,0,-0.52,0.920,0.253,-0.38,-0.67,0,0,0,0,0,0,0.951,-0.92,-0.24,0.105,-0.99,0,0.773,0,0,-0.89,-0.67,0.999,0.513,0.513,0.951,0.167,0.986,-0.83,0.123,0.992,0.253
0,0,0,0,0,0,0,0,0,0,0,0,0,0,0,0,0,0,0,0,0,0,0,0,0,0,0,0,0,0,0,0.733,0,0,0.035,0.105,-0.94,-0.99,0.184,-0.97,0,0,0,0,0,0,0,0,-0.52,0,0,0,0,0,0,0.513,-0.17,-0.62,0,0,0,0,0,0,0,0,0,0,-0.67,-0.98,-0.11,-0.96,-0.99,0,0,0,0,0,0,0,0,0,0,0.999,0.968,0.860,-0.77,0,0,-0.62,0.951,-0.96,-0.52,0,-0.11,0.968
0,0,0,0,0,0,0,0,0,0,0,0,0,0,0,0,0,0,0,0,0,0,-0.92,0.313,0.951,-0.73,0.920,0.773,-0.67,0,0,0,0,0,0,0,0,0,0,0,0,0,0,0,0,0,0,0,0,0.436,-0.96,0,0,0,0,0,0,0,0,0,0,0,0,0,0,0,0,0,0,0,0,0,0,0,0,0,0,0,0,-0.17,0,0,0,0,0,0.860,-0.77,-0.24,-0.77,-0.62,0.951,-0.96,-0.52,-0.30,-0.11,0
0,0,0,0,0,0,0,0,0,0,0,0,0,0,0,0,0,0,0,0.566,0.999,0.566,0.513,0.999,0,-0.30,-0.73,-0.11,0,0,0,0.860,0.035,0,0,0,0,0,0,0,0,-0.24,0.968,0,0,0,0,0,0,0,0,0,0,0,0,0,0,0,-0.02,0,0,0,0,0,0,0,-0.98,0.513,-0.99,0.968,0.566,-0.02,0.436,0,0,0,0,0,-0.94,0.860,0,0.968,0.733,-0.82,-0.57,0.184,0.926,0.184,0.622,0.105,-0.99,0.951,0.253,-0.38,-0.44,-0.82
0,0,0,0,0,0,0,0,0,0,0,0,0,0,0,-0.91,0.901,-0.73,-0.38,-0.99,0.999,0,0,0,0,0,0,0,0,0,0.860,-0.94,0,-0.82,0,0,0,0,0,0,0,0.683,-0.92,-0.62,0,0,0,0,0,0,0,0,0.733,-0.44,0.253,0,0,0.773,0,0.901,0.901,0.670,0.395,0.636,-0.85,0,0,0,0,0,0,0,0,0,0.986,-0.30,-0.98,-0.92,0.893,0.893,-0.92,0,0,0,0,0,0,0,0,0,0,0,0,0,0,0
0,0,0,0,0,0,0,0,0,0,0,0,0,0,0,0,0,0,0,0,0,0,0.513,-0.67,0,0,-0.89,0.999,-0.17,0.035,0.105,-0.94,0.105,0.968,-0.11,0.992,-0.96,0,0,0,0,0,-0.77,0.733,-0.38,-0.02,-0.73,0.826,0.773,0,0,0,0,0,0,0,-0.85,0.826,-0.52,0.850,0.850,-0.26,0.986,0.167,0,0,0,0,0,0,0,0,0,0,0,0.992,-0.11,0.566,-0.99,0.313,-0.99,0,0,0,0,0,0,0,0,0,0,-0.17,0.035,0.105,0.105,0.733
0,0,0,0,0,0,0,0,0,0,0,0,0,0,0,0,0,0,0,0,0,0,0,0,0,0.920,-0.11,0.566,-0.17,-0.92,-0.17,0,-0.99,0.951,-0.55,0.745,-0.15,0,-0.11,0.733,-0.24,0.379,-0.94,-0.92,0.999,-0.02,-0.73,-0.85,0,0,-0.99,0.184,0,0,0,0,0,0,0,-0.15,-0.15,0.850,-0.26,0,0,0,0,0.184,0.184,-0.97,0.452,-0.94,0,0,0,0.395,0.436,-0.30,0.826,-0.67,0.566,0.733,-0.77,0.994,-0.04,-0.86,-0.04,0.994,0.035,-0.44,0.313,0.893,0.105,-0.82,0.733,0.566
0,0,0,0,0,0,0,0,0,0,0,0,0,0,0,0,0,0,0,0,0,0,0,0,0,0,0,0,0,0,0,-0.38,-0.89,-0.30,0.901,0.999,0.270,-0.99,0.986,0,0,0,0,0,0,0,0,0,0,0,0,0,0,0,0,0,0,0,0,0,0,0,0,0,0,0,0,0,0,0.994,0.379,0.893,-0.62,0,0,0,-0.26,0.670,-0.99,0.920,-0.38,0,0,-0.50,-0.32,-0.72,-0.97,0.683,0.999,-0.11,-0.38,-0.17,0,0.313,0.999,0.951
0,0,0,0,0,0,0,0,0,0,0,-0.98,-0.96,0.986,-0.99,-0.96,0.773,0.313,-0.24,0.452,-0.50,0.683,0,-0.38,0.773,-0.89,0,0,0,0,0,0,0,0,0,0,0,0,0,0,0,0,0,0,0,0,0,0,0,0,0,0,0,0,0,0,0,0,0,0,0,0,0,0,0,0,0,0,0,0,0,0,0,0,0,0,0,0,0,0,0,0,0,0,0,0,0,0,0,0,0,0,0,0,0,0
0,0,0,0,0,0,0,0,0,0,0,0,0,0.992,0.436,-0.96,-0.11,0.313,0.683,0.926,-0.04,0.184,0.452,0.893,0.733,0.313,-0.92,-0.77,-0.94,0,0,0,0,0,0,0,0,0,0,0,0,0,0,0,0,0,0,-0.52,-0.02,0.513,0,0,0,0,0,0,0,0,0.436,-0.76,0.296,-0.98,0.999,0.901,0.636,-0.44,0,0,-0.50,0,0.513,-0.02,-0.52,0.670,-0.76,-0.83,-0.91,-0.91,0,0,0,0,0,0,-0.99,-0.99,0.999,0.773,0.436,0,0,0,0,0.951,-0.98,-0.67
0,0,0,0,0,0,0,0,0,0,0,0.999,0.773,-0.73,-0.73,0.826,-0.38,0.105,-0.72,-0.37,0.998,0.998,0.236,-0.97,-0.57,0.379,0.683,0,0,0.733,-0.38,-0.11,0,0,0,0,0,0,0,0,0,0,0,0.826,-0.73,-0.55,0.395,0,-0.73,-0.67,0,0,0,0,0,0,0,0,0,0.436,-0.76,0.296,0.963,0.901,0,0,0,0,-0.82,-0.62,-0.89,-0.99,-0.76,-0.91,0.296,0.296,0.745,0,0,0,0,0.992,-0.73,-0.73,0.920,0.920,-0.73,0,0,-0.64,-0.83,-0.52,0.920,0.951,0.999,0.513
0,0,0,0,0,0,0,0,0,0,-0.62,0.999,0.773,-0.73,-0.73,0.826,-0.38,0.105,-0.72,-0.37,0.998,0.998,0,0,-0.57,0.379,0.683,-0.77,0.893,0.733,-0.38,0,0,0.395,0.850,-0.42,0.956,0.956,0,-0.40,0.745,0.123,0,0,-0.73,-0.55,0.395,-0.52,-0.73,0,0,0,0,0,-0.77,0.893,0.035,0.999,0.826,0.436,-0.76,0.296,0.963,0.901,0.986,0,0.968,0,0,-0.62,-0.89,-0.99,0,0,0,0,0,0,0,0,-0.52,0.992,-0.73,-0.73,0.920,0.920,0,0,-0.83,-0.64,-0.83,-0.52,0.920,0.951,0.999,0.513
0,0,0,0,0,0,0,0,0,0.566,0.773,-0.89,0.826,-0.73,0.920,-0.11,-0.44,0.983,-0.86,-0.99,0,0,0,-0.68,-0.72,-0.50,0.983,0.860,-0.62,-0.38,-0.85,-0.96,-0.55,0.850,-0.15,-0.64,-0.66,0.762,0.762,0.270,-0.40,-0.64,-0.95,0,-0.30,0.436,-0.52,0.636,0.826,0.951,0,0,0,0,0,0,0,0,0,0.773,0.920,-0.99,-0.95,0.123,-0.76,0.436,-0.11,0,0,-0.02,-0.30,0.670,0,0,0,0,0,0,0,0,0.670,0.123,-0.26,0.395,-0.99,0.395,0,0,0.999,-0.66,-0.42,-0.95,-0.96,-0.11,0.513,0.733
0,0,0,0,0,0,0,0,0,0,0,0,-0.55,-0.55,0.636,-0.11,0.313,-0.57,-0.86,0,0,0,0.972,-0.98,0,-0.94,0.860,-0.99,-0.89,-0.73,-0.52,-0.52,-0.55,0.123,0.123,0.901,-0.99,-0.98,-0.40,0.529,-0.42,-0.99,-0.91,-0.26,0.436,-0.30,-0.73,0.920,-0.11,-0.67,-0.98,0,0,0,0,0,0,0,0,0,-0.62,0.566,-0.85,0.992,-0.99,0,0,0,-0.96,0.395,-0.26,0.123,0,0,0,0,0,0,0,0.436,-0.26,0.017,0.123,-0.95,-0.76,0.017,0.017,-0.83,0,-0.13,0.956,-0.64,-0.95,-0.30,0.566,0.860
0,0,0,0,0,0,0,0,0,0,0,0,0,0,-0.95,0,0,0,0,0,0,0,0,0,-0.24,0.968,0.999,-0.85,0.436,-0.55,0.395,0.436,0.992,-0.99,0.992,-0.96,-0.55,0.123,0.850,0.901,-0.83,0.745,-0.83,0.986,-0.30,-0.85,0.253,-0.38,0.999,-0.38,0.951,0,0,0,0,0,0,0,0,0,0,0,0,0,0,0,0,0.636,-0.52,0.986,-0.76,-0.91,0.999,0.956,0,0,0,0,0,0,0,0,0,0,0.017,-0.91,-0.83,0,-0.64,0.956,-0.90,-0.98,0.296,-0.26,0.253,0.860
0,0,0,0,0,0,0,0,0,0,0,0,0,0,0,0,0,0,0,0,0,0,0,0,0,-0.38,0.920,-0.55,-0.95,-0.26,0.986,0,0,0,-0.11,-0.38,0.253,-0.02,-0.73,0.992,0.986,-0.76,0.670,0.436,0.826,0.999,-0.17,-0.82,-0.17,-0.67,-0.30,-0.55,0.670,0.670,0,0,0,0,0.105,0,0,0,0,0,0,0,0,0.395,-0.52,0.992,0.986,0.017,0.296,0.999,-0.99,0,0,0,0,0,0,0.992,0.986,-0.26,-0.26,-0.26,0.986,0.670,-0.76,0.745,-0.42,0.999,0.999,-0.83,0.826,-0.17
0,-0.52,0,0,0.253,-0.98,0,0,0,0,0,-0.99,0,0,0,0,0,0,0,0,0,0,0,0,0,0,0,-0.91,0.745,0.017,0.395,0.167,-0.85,-0.89,0.566,-0.17,0.035,0.733,-0.38,-0.85,-0.73,0.636,0.992,0.920,0.253,0.733,-0.77,0.893,-0.62,0.167,0.123,0.296,0.529,0.745,-0.26,0.436,0.826,0.513,0,0,0,0,0,0,0,0,0,0.670,0.636,0.920,-0.96,0.992,-0.99,-0.26,-0.95,0.992,0,0,0,0,0,0,0,0,0,0,0,0.920,-0.96,-0.99,-0.95,-0.91,0.529,-0.15,0,-0.67
0.773,-0.52,0.992,0.826,-0.11,0.773,0.253,-0.98,0,0,-0.95,-0.99,0,0,0.999,0.670,0.773,0.313,-0.57,0,0,0,0,0,0,0,0.296,-0.66,0.551,0.745,0.395,0.826,0.773,0.253,-0.62,0.105,0.983,0.683,0.733,0.253,0.773,-0.11,-0.89,0.951,0.566,-0.17,0.860,0.968,0.773,-0.95,0.999,0.270,0.270,-0.42,0.850,0,0,0,0,0,0,0,0,0.105,0.773,0,0,0,0,-0.67,0.566,-0.98,0.773,-0.02,0.920,0,-0.38,0,0,0,0,0,0,0,0,0,0,0,0.773,0.920,-0.30,0.395,-0.83,0.017,0.670,0
-0.85,-0.99,-0.99,-0.96,0.826,-0.85,-0.67,-0.38,0.773,-0.96,0.670,0.963,0.956,-0.90,-0.66,0.850,0.167,-0.38,0.035,0.683,0.983,0.683,-0.82,0,0,0,0,0,0,0,0,0,0,-0.44,0.860,-0.57,0.994,-0.50,-0.94,-0.62,0.999,0.999,-0.98,-0.38,0.566,-0.99,0,0,0,0.745,-0.13,0.836,-0.90,0.270,0.963,0.395,-0.11,0,0,0,0,-0.98,0.816,0.035,-0.89,-0.52,-0.99,0.167,0,0,0,0.105,-0.82,0.313,0.513,-0.98,0.999,-0.99,0,0,-0.11,-0.02,0,0,0,0,0,0,0,0.253,-0.89,-0.73,0.986,-0.76,-0.76,0.670
0.826,-0.99,-0.55,-0.96,-0.02,0.951,-0.99,0.733,0.513,-0.85,0.992,0.123,-0.40,-0.84,0.762,-0.42,-0.76,0.636,-0.11,-0.44,0.733,-0.99,0.951,-0.52,0.850,-0.15,0.999,-0.66,-0.42,0.901,0.636,0,0,0.035,0.379,0.926,0.784,-0.04,0.622,0,0,0,0,0.313,0.999,-0.98,-0.89,0.992,0.901,0,0,0,0,0,0,0,0,0,0,0,0,0,0,0,0.951,0.920,-0.85,0.999,0,0,0,0,0,-0.57,0.893,-0.82,0.893,0.105,0,0,0.253,0.253,-0.11,0,0,0,0,0,0.893,-0.99,-0.98,-0.11,0.636,-0.55,0.670,-0.76
0.920,-0.52,0.436,0.167,-0.11,-0.62,0.893,0.683,-0.77,-0.62,-0.11,-0.99,-0.64,0.956,0.956,-0.98,-0.99,-0.91,0.986,0.826,0.951,0.920,-0.99,-0.83,-0.64,0.745,-0.83,0.017,0.901,-0.55,0,0,0,0,0,0,0,0,0,0,0,0,0,0,0,-0.38,0.826,0.395,-0.91,0.999,-0.84,0,0,0,0,0,0,0,0,0,0,0,0,-0.92,-0.99,0.513,0,0.893,0,0,0.816,-0.88,-0.04,-0.32,-0.57,-0.57,-0.50,-0.99,-0.94,-0.17,-0.62,0.313,0.313,0,0,-0.77,0,-0.97,0.994,0.035,0.513,0.951,0.167,0.636,-0.99,0
0.920,-0.52,0.436,0.167,-0.11,-0.62,0.893,0.683,-0.77,-0.62,-0.11,-0.99,-0.64,0.956,0.956,-0.98,-0.99,-0.91,0.986,0.826,0.951,0.920,-0.99,-0.83,-0.64,0.745,-0.83,0.017,0.901,-0.55,-0.85,-0.62,0.105,0.983,0.994,-0.88,-0.98,0.945,-0.86,-0.72,-0.32,0.184,-0.32,0,0.968,-0.38,0.826,0.395,-0.91,0.999,-0.84,0.650,-0.99,-0.75,-0.98,-0.15,-0.26,0.636,-0.98,0.893,-0.50,-0.50,-0.94,-0.92,0,0.513,0.733,0,0,0.452,0.816,-0.88,-0.04,-0.32,-0.57,-0.57,-0.50,-0.99,-0.94,-0.17,-0.62,0.313,0.313,0,0,0,-0.99,-0.97,0.994,0.035,0.513,0.951,0.167,0.636,-0.99,-0.76
0.826,0.436,0.992,0.920,-0.98,0.860,-0.99,-0.32,-0.32,-0.24,0.313,-0.02,0.123,-0.99,0.551,-0.40,0.999,0.529,-0.91,0.986,-0.55,-0.76,-0.91,-0.64,-0.99,-0.15,0.986,-0.30,-0.73,-0.11,0.313,-0.94,-0.50,0.622,-0.32,0.926,-0.86,-0.04,-0.86,0.784,0.945,-0.98,0.945,-0.72,0,-0.82,-0.38,-0.73,0.670,-0.91,-0.40,-0.84,-0.75,-0.84,-0.40,0.963,0.017,-0.95,-0.96,-0.98,0.733,0.860,0.860,-0.77,0.105,0.105,0.683,-0.99,0.994,-0.32,0.926,0.816,0.816,-0.32,0.452,0.622,0.622,0.622,-0.50,-0.94,0.893,-0.77,0.983,-0.57,0.379,0.622,0.816,0.945,-0.88,0.983,0.733,0.566,0.773,-0.85,-0.96,-0.95
0.253,-0.96,0.436,-0.73,0.253,-0.92,0.379,0.622,-0.97,-0.99,0.035,0.253,-0.52,0.901,0.963,0.529,-0.42,-0.64,0.963,-0.91,0.017,-0.83,0.963,-0.64,0.963,0.123,0.992,-0.89,-0.98,0.313,-0.77,-0.99,0.994,-0.50,-0.99,0.379,0.683,0.983,0.452,0.184,-0.09,-0.68,-0.37,-0.68,0.816,-0.57,-0.82,-0.98,0.167,0.986,0.963,0.999,-0.66,-0.40,0.296,0.123,-0.95,-0.26,-0.99,-0.30,-0.89,-0.38,-0.62,0.860,-0.77,0.105,-0.77,0.983,-0.50,0.994,-0.97,0.622,0.994,-0.99,0.683,0.983,-0.57,-0.50,0.622,-0.57,0.983,0.379,-0.99,-0.99,0.683,-0.99,0.926,0.784,-0.86,-0.99,0.893,0.733,-0.44,-0.38,0,0
0.951,-0.96,0.992,-0.30,-0.02,0.513,0.035,0.683,-0.99,-0.94,0.313,0.773,-0.30,-0.55,0.850,0.745,-0.91,0.901,0.017,0.850,-0.95,-0.76,-0.91,-0.15,0.850,-0.99,-0.02,0.253,-0.44,-0.92,0.105,0.683,0.683,0.860,-0.92,0.968,0.513,-0.99,0.733,0.893,-0.57,-0.32,-0.86,-0.68,-0.86,-0.99,0.860,0.999,-0.89,-0.73,0.395,0.017,0.296,0.296,-0.76,0.436,0.992,-0.52,-0.52,-0.55,0.636,0.826,0.253,0.313,0.035,-0.82,0.035,0.860,0.893,0.683,0.379,0.683,-0.24,-0.77,-0.17,-0.17,-0.92,0.860,-0.24,0.983,-0.57,0.379,0.983,0.683,0.893,0.035,0.683,0,0,0,0.683,0,0,0,0,0
-0.11,0.992,-0.99,-0.55,-0.52,0.167,-0.38,0.733,-0.17,0.566,-0.89,0.826,0.167,0.992,-0.55,0.986,0.395,-0.99,-0.99,-0.52,0.636,0.436,-0.26,-0.95,-0.99,-0.85,0.999,0.313,-0.82,0.893,0.035,0.733,-0.44,-0.38,0.253,0.773,0.920,0.167,-0.85,-0.38,0.313,0.035,-0.57,-0.72,-0.32,-0.24,-0.92,0.566,-0.85,-0.02,0.167,-0.99,0.123,0.901,-0.99,0.167,0.920,-0.73,0.992,-0.55,-0.55,0.992,0.826,-0.38,-0.99,0.513,0.513,-0.99,-0.62,-0.82,0.893,-0.92,0.968,0.513,0.999,0.513,-0.44,-0.99,-0.17,-0.82,0,0,-0.17,0.733,-0.99,0.999,0,0.733,-0.92,0,0,0,0,0,0,0
0.773,0.992,0.395,-0.26,-0.76,-0.95,0.636,0.773,0.773,0.167,-0.73,-0.02,-0.85,0.826,-0.02,-0.11,0.773,-0.11,-0.11,-0.85,-0.85,-0.85,-0.73,-0.96,0.773,-0.62,0.035,-0.77,0.983,-0.94,-0.92,0.999,0.773,-0.85,0.920,0.636,-0.26,-0.76,-0.55,0.920,0.773,-0.38,0.733,-0.77,-0.77,-0.17,-0.99,-0.38,0.773,-0.89,0.920,0.992,0.986,0.670,-0.30,-0.89,0.773,-0.11,0.826,0.636,-0.99,0.395,-0.52,0.920,0.773,-0.89,0.951,-0.38,-0.44,0.733,0.733,0.513,0.773,0.167,-0.02,0.951,-0.67,-0.67,-0.67,0.253,0.773,-0.89,0.773,0.253,0.253,0,0,-0.89,0.773,-0.98,0.968,-0.92,-0.17,0,0,0
-0.38,0.167,0.992,-0.52,0.986,-0.26,-0.52,0.920,0.826,0.920,-0.11,-0.38,0.513,-0.62,-0.92,-0.92,-0.92,-0.17,0.313,0.999,-0.98,-0.98,0.253,0.566,0.313,0.105,-0.99,0.994,0.622,-0.57,-0.17,-0.67,-0.02,0.167,0.636,0.395,0.850,-0.83,0.670,-0.73,-0.89,0.773,0.513,-0.17,-0.82,-0.62,-0.98,0.253,-0.89,0.167,0.636,0.992,0.436,-0.96,-0.89,-0.98,0.253,0.773,-0.02,-0.96,-0.99,-0.95,-0.76,-0.99,-0.30,0.992,0.167,0.773,-0.38,-0.44,0.566,-0.02,0.636,-0.99,0.436,-0.02,0.253,0.951,0.826,0.992,-0.55,-0.55,0.636,-0.02,0,0,0,-0.30,-0.73,-0.11,0.513,-0.62,0.313,0.968,0.999,0
0.893,-0.38,-0.02,-0.73,0.436,-0.99,-0.30,0.920,-0.02,-0.11,-0.38,-0.92,0.105,0.379,0.994,0.622,0.622,-0.57,-0.77,0.733,0.513,-0.38,0.566,0.733,0.035,0.683,0.622,0.926,-0.88,0.184,-0.94,-0.38,0.826,0.167,-0.30,0.992,0.986,-0.95,-0.52,0.826,-0.89,-0.89,-0.38,-0.62,0.968,-0.62,0.566,-0.11,-0.73,-0.99,0.395,-0.99,0.636,-0.02,-0.67,0.999,0.951,0.920,0.992,-0.55,-0.26,0.123,0.901,0.123,-0.76,0.017,-0.95,-0.52,-0.73,-0.89,-0.02,-0.52,-0.26,0.986,0.992,-0.89,0.566,-0.98,0.826,0.986,0.850,0.123,0,0,0,0,0.992,0.636,-0.73,0.773,-0.38,0.513,0,0.968,0.999,0
0.452,-0.92,-0.98,-0.89,-0.02,0.920,0.826,0.920,-0.85,0.253,-0.99,0.105,-0.57,-0.32,-0.04,-0.86,0.816,0.452,0.683,-0.82,0.513,-0.67,0.999,-0.17,0.893,-0.77,0.983,-0.32,-0.04,0.184,0.683,-0.99,0.773,-0.11,-0.85,-0.85,0.920,0.636,-0.73,0.826,0.920,0.826,0.253,-0.99,0.313,0.313,-0.99,0.951,-0.30,0.670,0.123,0.123,-0.55,-0.85,-0.98,0.999,0.773,-0.30,0.395,-0.76,-0.76,-0.95,0.123,0.017,0.745,-0.99,-0.64,0.745,0.123,-0.52,-0.96,-0.52,0.395,0.436,0,0.773,0.999,0,0,0,0,0,0,0,0,0,0,0,-0.89,0.951,0,0,0,0,0,0
0.452,-0.92,-0.98,-0.89,-0.02,0.920,0.826,0.920,-0.85,0.253,-0.99,0.105,-0.57,-0.32,-0.04,-0.86,0.816,0.452,0.683,-0.82,0.513,-0.67,0.999,-0.17,0.893,-0.77,0.983,-0.32,-0.04,0.184,0.683,-0.99,0.773,-0.11,-0.85,-0.85,0.920,0.636,-0.73,0.826,0.920,0.826,0.253,-0.99,0.313,0.313,-0.99,0.951,-0.30,0.670,0.123,0.123,-0.55,-0.85,-0.98,0.999,0.773,-0.30,0.395,-0.76,-0.76,-0.95,0.123,0.017,0.745,-0.99,-0.64,0.745,0.123,-0.52,-0.96,-0.52,0.395,0.436,-0.73,0.773,0.999,0.999,0,0,0,0,0,0,0,0,0,0,0,0,0,0,0,0,0,0
-0.97,-0.77,-0.44,-0.67,-0.67,0.253,-0.11,0.167,-0.02,-0.38,-0.92,0.983,0.452,0.926,-0.09,-0.88,-0.72,0.379,0.860,0.968,0.253,-0.02,-0.89,0.566,-0.62,0.733,0.860,0.683,-0.57,-0.99,0.683,-0.92,-0.44,0.513,0.999,-0.38,-0.98,0.773,-0.11,-0.89,0.167,0.167,-0.89,0.999,-0.99,-0.99,-0.44,-0.38,-0.02,0.395,-0.83,-0.15,0.670,-0.85,0.566,0.999,0.773,0.636,0.986,0.670,-0.52,0.992,-0.99,-0.26,-0.91,-0.42,-0.98,-0.98,0.745,-0.26,-0.96,0.826,0.826,-0.89,0,0,0,0,0,0,0,0,0,0,0,0,0,0,0,0,0,0,-0.17,-0.17,0,0
0.452,-0.77,0.733,0.999,-0.67,0.773,-0.02,-0.73,-0.85,0.513,-0.77,0.994,0.184,-0.88,-0.88,0.184,-0.57,-0.92,-0.38,-0.02,-0.99,-0.26,0.986,0.636,-0.89,0.566,0.733,0.860,0.105,-0.94,0.683,0.893,-0.17,-0.82,0.860,-0.92,-0.62,0.566,0.253,0.951,0.826,-0.30,0.167,0.951,-0.98,0.566,-0.99,-0.99,-0.38,-0.30,-0.76,0.850,0.986,0.920,0.951,0.253,0.826,-0.52,0.986,-0.99,-0.02,-0.89,0.826,0.992,-0.76,0.296,0.270,0.956,0.296,0.986,-0.02,-0.67,-0.38,0,0,0,0,0,0,0,0,0,0,0,0,0,0,0,0,0,0,0,0,0,0,0
-0.77,0.860,-0.17,-0.44,-0.67,0.773,0.826,0.920,0.951,0.968,-0.57,0.184,-0.86,-0.09,-0.97,0.683,-0.17,-0.67,-0.30,-0.76,0.296,-0.99,0.963,0.123,-0.96,0.951,-0.62,-0.82,0.893,0.860,0.860,0.893,0.893,-0.94,0.379,0.683,0.893,0.733,0.566,-0.67,-0.85,-0.73,0.826,0.253,-0.67,-0.99,-0.92,0.968,0.513,0.826,-0.55,-0.26,0.670,-0.30,-0.85,-0.89,-0.73,-0.99,0.395,0.992,0.951,0.566,-0.98,0.826,-0.99,0.850,0.999,0.270,-0.99,0.395,-0.85,0.513,0,0,0,0,0,0,0,0,0,0,0,0,0,0,0,0,0,0,0,0,0,0,0,0
-0.62,0.733,-0.17,-0.44,0.773,-0.02,0.920,-0.02,0.566,0.860,-0.50,-0.04,-0.86,0.816,-0.57,0.733,-0.98,0.167,-0.26,0.296,-0.40,-0.66,-0.42,0.123,0.167,-0.38,0.733,0.035,-0.92,0.313,0.513,-0.99,-0.92,-0.24,-0.99,-0.50,0.379,0.860,-0.44,-0.98,-0.11,-0.02,-0.11,-0.98,0.999,0.968,0.035,0.733,-0.98,-0.73,0.395,-0.26,-0.95,0.436,0.826,-0.02,0.167,0.436,-0.52,-0.73,0.999,-0.92,0.313,-0.98,0.920,0.670,-0.64,0.551,-0.99,-0.26,0.826,0,0,0,0,0,0,0,0,0,0,0,0,0,0,0,0,0,0,0,0,0,0,0,0,0
0.773,0.566,-0.99,0.566,-0.02,0.992,-0.99,0.992,0.773,0.733,0.683,0.994,0.994,-0.57,0.860,0.566,0.773,0.636,0.123,-0.99,-0.66,-0.66,0.963,-0.99,0.773,-0.62,-0.82,-0.92,-0.62,-0.67,-0.02,0.167,0.773,-0.17,-0.24,0.379,0.683,-0.92,0.999,-0.67,0.773,0.826,-0.85,0.253,0.999,-0.17,0.893,0.968,0.773,-0.30,-0.99,0.395,0.395,-0.30,-0.85,0.773,0.773,0.920,-0.73,0.773,-0.92,0.683,0.893,-0.99,0.773,-0.99,0.745,0.999,0.551,-0.91,0,0,0,0,0,0,0,0,0,0,0,0,0,0,0,0,0,0,0,0,0,0,0,0,0,0
-0.73,-0.89,0.773,-0.89,-0.96,-0.55,-0.95,-0.95,0.992,-0.67,-0.17,-0.94,-0.77,0.893,0.733,0.566,0.773,-0.96,0.670,-0.15,0.529,-0.42,0.850,-0.96,0.999,-0.82,-0.17,0.999,-0.11,-0.96,0.986,-0.76,0.986,-0.02,-0.62,-0.82,-0.82,-0.62,-0.38,0.951,-0.02,-0.30,0.167,-0.89,-0.38,-0.17,-0.82,0.513,-0.85,0.992,-0.55,-0.52,0.992,0.920,0.253,0.513,-0.44,-0.38,-0.98,0.313,0.983,-0.97,0.452,-0.77,-0.99,-0.02,0.670,-0.99,-0.66,0.529,0,0,0,0,0,0,0,0,0,0,0,0,0,0,0,0,0,0,0,0,0,0,0,0,0,0
-0.76,-0.55,-0.99,-0.52,-0.99,-0.55,-0.26,-0.76,-0.52,-0.85,0.513,0.035,0.893,0.035,0.733,-0.38,-0.89,-0.73,-0.55,0.850,0.745,-0.15,-0.26,-0.89,-0.92,-0.24,0.860,-0.67,-0.30,0.986,-0.91,0.296,0.296,0.850,0.992,0.951,-0.99,0.513,-0.38,0.773,-0.96,-0.52,-0.96,-0.11,0.999,0.733,0.513,-0.11,-0.96,0.436,0.436,-0.52,-0.52,0.167,0.951,-0.62,0.733,0.313,-0.17,0.105,-0.32,-0.04,-0.72,0.452,-0.94,0.999,0.636,-0.91,0.551,-0.40,0,0,0,0,0,0,0,0,0,0,0,0,0,0,0,0,0,0,0,0,0,0,0,0,0,0
-0.42,0.963,0.745,0.017,0.670,-0.55,0.395,-0.99,0.167,0.773,0.513,0.035,0.105,-0.77,0.035,0.999,-0.11,-0.02,-0.30,0.395,0.017,-0.15,-0.76,-0.85,-0.92,-0.24,-0.77,-0.44,0.167,0.986,-0.91,0.999,0.956,-0.98,0.296,0.986,-0.89,-0.98,0.999,-0.67,0.826,0.636,-0.30,-0.02,-0.67,0.566,-0.89,-0.30,-0.52,0.992,0.920,-0.96,-0.99,0.636,-0.02,-0.98,0.313,0.968,0.035,0.683,-0.97,-0.86,-0.72,0.994,0.379,0.968,0.920,-0.76,-0.99,-0.66,0,0,0,0,0,0,0,0,0,0,0,0,0,0,0,0,0,0,0,0,0,0,0,0,0,0
-0.42,0.963,0.745,0.017,0.670,-0.55,0.395,-0.99,0.167,0.773,0.513,0.035,0.105,-0.77,0.035,0.999,-0.11,-0.02,-0.30,0.395,0.017,-0.15,-0.76,-0.85,-0.92,-0.24,-0.77,-0.44,0.167,0.986,-0.91,0.999,0.956,-0.98,0.296,0.986,-0.89,-0.98,0.999,-0.67,0.826,0.636,-0.30,-0.02,-0.67,0.566,-0.89,-0.30,-0.52,0.992,0.920,-0.96,-0.99,0.636,-0.02,-0.98,0.313,0.968,0.035,0.683,-0.97,-0.86,-0.72,0.994,0.379,0.968,0.920,-0.76,-0.99,-0.66,0.956,-0.98,0.745,0,0,0,0,0,0,0,0,0,0,0,0,0,0,0,0,0,0,0,0,0,0,0
0.270,0.551,0.529,0.745,-0.26,-0.30,0.167,-0.02,0.951,0.566,0.313,0.035,0.105,-0.94,0.893,0.313,0.513,0.566,0.773,-0.96,-0.26,-0.91,0.850,-0.30,0.566,-0.92,0.893,0.968,-0.89,-0.99,0.017,0.551,-0.90,-0.84,0.762,-0.99,-0.99,-0.11,0.513,0.513,-0.98,-0.85,0.167,0.920,-0.02,-0.85,0.992,-0.55,-0.55,0.436,-0.73,-0.73,-0.52,-0.99,0.992,-0.96,0.773,-0.98,0.313,0.105,-0.99,-0.97,0.994,-0.50,-0.57,-0.82,0.773,0.670,-0.99,0.956,-0.84,0.762,0.296,0.670,0,0,0,0,0,0,0,0,0,0,0,0,0,0,0,0,0,0,0,0,0,0
0.956,0.551,0.963,0.123,-0.99,0.826,0.951,-0.98,0.999,-0.99,0.968,0.733,0.733,-0.82,-0.82,-0.17,-0.92,-0.92,-0.44,-0.11,0.636,0.986,-0.26,0.992,0.253,0.733,0.893,0.035,0.513,0.826,0.670,-0.64,0.270,-0.84,0.912,-0.66,0.017,-0.96,0.999,0.733,0.968,0.566,-0.11,0.826,-0.96,0.992,0.395,-0.26,0.986,0.636,0.920,-0.73,-0.99,0.395,0.670,-0.26,-0.52,-0.73,0.773,-0.44,0.035,-0.24,-0.24,0.983,0.983,-0.82,0.773,-0.26,0.529,0.270,0.956,0.551,0.123,0.992,-0.30,0,0,0,0,0,0,0,0,0,0,0,0,0,0,0,0,0,0,0,0,0
0.963,-0.91,-0.26,0.992,-0.73,-0.02,0.773,-0.98,0.513,-0.44,-0.62,-0.99,0.513,0.513,0.513,-0.62,0.035,0.105,-0.92,-0.38,-0.02,-0.73,0.436,0.636,0.253,0.313,0.860,0.105,-0.92,0.999,-0.02,-0.26,-0.64,-0.40,0.956,0.529,-0.83,0.992,-0.98,0.733,-0.82,-0.99,-0.38,0.773,-0.30,0.986,-0.26,0.670,0.992,-0.02,-0.11,-0.02,-0.30,-0.99,-0.76,0.017,-0.95,0.436,-0.85,0.566,0.313,0.035,0.105,-0.94,-0.77,-0.62,-0.02,-0.95,0.529,-0.98,-0.98,0.963,-0.52,-0.11,0.951,-0.89,-0.85,0.167,-0.99,-0.76,0,0,0,0,0,0,0,0,0,0,0,0,0,0,0,0
-0.52,0.992,0.826,0.773,0.773,-0.89,-0.85,-0.11,-0.67,-0.98,0.566,0.513,0.999,-0.11,0.920,-0.11,-0.62,0.860,0.733,0.253,0.920,0.167,-0.96,-0.73,0.773,0.513,0.968,0.035,0.860,0.035,0.313,-0.85,0.395,0.850,-0.15,-0.83,-0.76,0.436,-0.11,0.513,-0.44,0.999,-0.38,0.253,0.167,0.395,-0.95,-0.99,0.826,0.951,-0.98,-0.67,-0.85,0.636,0.395,0.395,-0.52,0.920,-0.38,0.313,0.968,0.733,0.035,0.893,-0.92,-0.67,-0.96,-0.76,-0.64,0.529,-0.64,-0.95,0.826,-0.38,0.513,-0.98,-0.89,0.920,-0.73,0.992,0.992,-0.89,0.253,0,0,0,0,0,0,0,0,0,0,0,0,0
0.773,0.773,0.999,-0.44,-0.98,0.773,0.826,0.826,0.773,-0.67,-0.98,-0.98,0.773,-0.96,0.436,0.992,0.773,0.513,0.951,0.636,-0.99,0.992,0.436,-0.73,0.773,0.566,0.968,0.860,0.983,-0.99,0.683,0.313,0.773,0.636,-0.52,-0.52,0.436,0.636,-0.02,0.773,0.773,0.951,0.253,-0.67,-0.85,0.636,0.436,-0.73,0.773,-0.38,0.968,0.313,-0.98,-0.85,0.826,-0.89,0.773,-0.38,0.968,0.035,0.733,0.513,0.513,0.999,0.773,0.636,-0.99,-0.76,-0.91,-0.15,-0.83,-0.99,0.773,0.566,0.513,0.566,-0.89,0.167,-0.02,-0.85,0.773,-0.38,-0.38,0.566,-0.98,0,0,0,0,0,0,0,0,0,0,0
0,0.513,-0.44,-0.99,-0.38,-0.85,0.636,0.636,-0.96,-0.73,0.920,0.826,-0.30,-0.55,-0.26,0.986,-0.96,-0.02,-0.73,0.395,0.986,-0.99,-0.52,-0.96,-0.85,-0.98,0.733,-0.24,0.994,-0.32,-0.99,0.893,0.513,0.773,-0.85,0.920,0.636,0.992,0.636,0.992,0.992,-0.73,-0.02,0.951,0.773,-0.85,-0.89,-0.67,-0.44,0.968,-0.92,-0.17,-0.99,-0.98,-0.67,0.513,-0.99,0.313,-0.82,0.860,0.733,-0.67,-0.02,0.636,-0.26,0.850,0.901,0.901,-0.83,-0.83,0.123,-0.99,-0.02,-0.67,-0.38,-0.98,-0.85,0.920,0.773,0.999,-0.99,-0.62,-0.44,-0.99,-0.99,0.566,-0.38,-0.44,0,0,0,0,0,0,0,0
