dist/data/perlin1_direction.json
{"header": { "nx": 279, "ny": 274, "lo1": -178.86570434467, "lo2": -32.0245843447, "la1": 87.7988655908, "la2": -56.415854409191, "dx": 0.52728, "dy": 0.52728, "noData": -9, "refTime": "2013-11-30T18:00:00.000Z", "forecastTime": 6, "parameterCategory": 2, "parameterNumber": 2, "parameterNumberName": "U component" }, "data":
[rows 170 to 203 of 274, columns 154 to 230 of 279]
0.617,0.676,0.704,0.676,0.587,0.455,0.277,0.049,-0.10,-0.21,-0.25,-0.21,-0.14,-0.02,0.126,0.313,0.523,0.704,0.848,0.933,0.977,0.991,0.991,0.968,0.903,0.805,0.647,0.421,0.239,0.010,-0.14,-0.25,-0.32,-0.36,-0.32,-0.29,-0.18,-0.02,0.126,0.239,0.277,0.277,0.277,0.239,0.164,0.126,0.087,0.049,0.049,0.087,0.164,0.277,0.455,0.617,0.781,0.933,0.998,0.958,0.804,0.586,0.349,0.125,-0.10,-0.25,-0.36,-0.43,-0.50,-0.50,-0.53,-0.53,-0.56,-0.60,-0.63,-0.66,-0.66,-0.63,-0.60
0.781,0.827,0.827,0.805,0.731,0.617,0.421,0.239,0.049,-0.02,-0.06,-0.06,0.010,0.126,0.277,0.455,0.617,0.757,0.867,0.933,0.968,0.977,0.968,0.933,0.827,0.676,0.489,0.239,0.010,-0.18,-0.29,-0.40,-0.43,-0.40,-0.32,-0.21,-0.06,0.126,0.313,0.455,0.523,0.555,0.555,0.489,0.455,0.385,0.350,0.277,0.277,0.277,0.313,0.385,0.523,0.676,0.827,0.947,0.999,0.946,0.804,0.586,0.349,0.125,-0.02,-0.18,-0.29,-0.33,-0.36,-0.36,-0.33,-0.33,-0.36,-0.36,-0.40,-0.40,-0.40,-0.36,-0.33
0.919,0.933,0.933,0.919,0.867,0.781,0.617,0.421,0.277,0.202,0.164,0.164,0.202,0.313,0.455,0.587,0.704,0.827,0.903,0.947,0.968,0.977,0.958,0.903,0.781,0.587,0.350,0.087,-0.10,-0.29,-0.40,-0.43,-0.43,-0.36,-0.25,-0.06,0.126,0.350,0.555,0.704,0.757,0.781,0.781,0.757,0.704,0.647,0.587,0.523,0.489,0.455,0.489,0.523,0.617,0.731,0.867,0.968,0.998,0.933,0.780,0.586,0.385,0.201,0.048,-0.06,-0.14,-0.14,-0.14,-0.10,-0.06,-0.02,-0.02,-0.06,-0.06,-0.02,-0.02,0.009,0.048
0.995,0.998,0.998,0.991,0.968,0.919,0.805,0.647,0.523,0.421,0.385,0.385,0.455,0.523,0.617,0.731,0.805,0.886,0.947,0.968,0.977,0.977,0.958,0.886,0.731,0.523,0.277,0.010,-0.18,-0.32,-0.43,-0.43,-0.40,-0.29,-0.10,0.126,0.350,0.587,0.781,0.886,0.933,0.947,0.947,0.933,0.903,0.867,0.805,0.757,0.704,0.647,0.647,0.647,0.731,0.805,0.919,0.991,0.984,0.903,0.756,0.586,0.385,0.238,0.125,0.086,0.048,0.086,0.125,0.201,0.275,0.313,0.349,0.349,0.349,0.349,0.385,0.420,0.455
0.968,0.968,0.968,0.984,0.999,0.991,0.933,0.827,0.731,0.647,0.617,0.617,0.647,0.704,0.781,0.848,0.903,0.947,0.977,0.991,0.995,0.991,0.968,0.903,0.757,0.523,0.277,0.010,-0.18,-0.32,-0.40,-0.40,-0.32,-0.18,0.049,0.313,0.587,0.781,0.933,0.985,0.998,0.999,0.999,0.999,0.995,0.977,0.947,0.903,0.848,0.805,0.781,0.781,0.827,0.886,0.968,0.999,0.958,0.847,0.703,0.554,0.420,0.313,0.238,0.238,0.275,0.313,0.420,0.522,0.586,0.646,0.675,0.675,0.703,0.730,0.756,0.780,0.804
0.847,0.847,0.867,0.903,0.958,0.995,0.991,0.933,0.867,0.827,0.781,0.781,0.805,0.848,0.903,0.933,0.977,0.991,0.999,0.999,0.998,0.999,0.991,0.947,0.805,0.617,0.350,0.087,-0.10,-0.25,-0.29,-0.29,-0.18,-0.02,0.239,0.489,0.757,0.919,0.991,0.995,0.968,0.958,0.958,0.968,0.984,0.998,0.998,0.985,0.958,0.919,0.903,0.886,0.903,0.958,0.995,0.984,0.919,0.780,0.646,0.522,0.420,0.349,0.349,0.385,0.455,0.554,0.675,0.756,0.847,0.885,0.903,0.919,0.933,0.933,0.946,0.958,0.968
0.703,0.703,0.730,0.804,0.867,0.946,0.998,0.991,0.958,0.919,0.903,0.903,0.919,0.947,0.968,0.991,0.999,0.995,0.984,0.968,0.968,0.977,0.998,0.991,0.919,0.757,0.523,0.277,0.087,-0.06,-0.14,-0.10,-0.02,0.164,0.385,0.647,0.848,0.977,0.998,0.958,0.903,0.867,0.867,0.885,0.933,0.968,0.990,0.999,0.995,0.977,0.958,0.958,0.968,0.991,0.998,0.946,0.847,0.703,0.586,0.488,0.420,0.385,0.420,0.488,0.616,0.730,0.826,0.919,0.968,0.990,0.998,0.998,0.999,0.999,0.998,0.998,0.995
0.554,0.554,0.616,0.675,0.780,0.885,0.968,0.999,0.991,0.977,0.968,0.968,0.985,0.995,0.999,0.990,0.968,0.933,0.903,0.867,0.867,0.885,0.946,0.990,0.985,0.886,0.704,0.489,0.313,0.164,0.087,0.087,0.202,0.350,0.587,0.781,0.933,0.999,0.958,0.885,0.804,0.780,0.780,0.804,0.847,0.903,0.958,0.984,0.999,0.998,0.991,0.991,0.995,0.999,0.977,0.885,0.780,0.646,0.522,0.455,0.420,0.455,0.522,0.616,0.756,0.867,0.958,0.995,0.995,0.977,0.958,0.958,0.958,0.947,0.933,0.919,0.919
0.385,0.420,0.455,0.554,0.675,0.804,0.919,0.977,0.995,0.999,0.999,0.998,0.995,0.977,0.946,0.903,0.847,0.780,0.730,0.703,0.675,0.730,0.826,0.919,0.995,0.977,0.867,0.704,0.555,0.421,0.350,0.385,0.455,0.617,0.781,0.919,0.998,0.968,0.867,0.730,0.646,0.616,0.616,0.675,0.756,0.826,0.903,0.958,0.984,0.998,0.999,0.998,0.999,0.995,0.958,0.847,0.730,0.616,0.522,0.488,0.488,0.554,0.675,0.780,0.903,0.977,0.999,0.958,0.886,0.827,0.781,0.781,0.781,0.781,0.757,0.757,0.757
0.238,0.275,0.349,0.455,0.586,0.703,0.826,0.919,0.946,0.958,0.958,0.946,0.903,0.867,0.780,0.703,0.616,0.554,0.488,0.455,0.455,0.522,0.646,0.804,0.933,0.998,0.968,0.867,0.757,0.647,0.617,0.617,0.704,0.827,0.933,0.995,0.977,0.847,0.675,0.522,0.420,0.385,0.420,0.522,0.616,0.730,0.847,0.919,0.968,0.990,0.999,0.999,0.999,0.990,0.933,0.826,0.703,0.616,0.554,0.554,0.586,0.703,0.804,0.919,0.984,0.991,0.919,0.781,0.647,0.523,0.489,0.489,0.489,0.523,0.523,0.555,0.587
0.125,0.162,0.275,0.385,0.522,0.646,0.756,0.826,0.867,0.867,0.847,0.804,0.730,0.646,0.522,0.420,0.313,0.238,0.201,0.201,0.238,0.313,0.455,0.646,0.847,0.958,0.999,0.968,0.886,0.827,0.805,0.827,0.886,0.947,0.998,0.977,0.867,0.646,0.420,0.275,0.162,0.162,0.238,0.349,0.488,0.646,0.780,0.885,0.958,0.984,0.998,0.999,0.998,0.990,0.933,0.826,0.730,0.646,0.616,0.646,0.703,0.804,0.919,0.990,0.991,0.903,0.731,0.523,0.313,0.164,0.126,0.164,0.164,0.239,0.277,0.350,0.385
0.048,0.125,0.238,0.349,0.488,0.586,0.675,0.730,0.756,0.730,0.675,0.586,0.455,0.349,0.201,0.086,0.009,-0.06,-0.06,-0.06,0.009,0.125,0.313,0.522,0.730,0.903,0.984,0.998,0.968,0.933,0.919,0.933,0.977,0.999,0.977,0.867,0.675,0.420,0.162,0.009,-0.06,-0.02,0.048,0.201,0.385,0.586,0.730,0.867,0.946,0.984,0.998,0.999,0.999,0.990,0.946,0.847,0.756,0.703,0.703,0.730,0.804,0.903,0.984,0.995,0.919,0.731,0.489,0.202,-0.02,-0.14,-0.18,-0.14,-0.10,-0.02,0.087,0.164,0.277
0.048,0.162,0.275,0.385,0.488,0.554,0.646,0.675,0.646,0.554,0.455,0.313,0.162,0.009,-0.10,-0.21,-0.29,-0.29,-0.29,-0.25,-0.14,0.009,0.201,0.420,0.646,0.847,0.958,0.998,0.995,0.985,0.977,0.991,0.999,0.977,0.903,0.730,0.488,0.201,-0.02,-0.18,-0.21,-0.18,-0.06,0.125,0.313,0.554,0.730,0.867,0.958,0.990,0.999,0.998,0.999,0.998,0.958,0.885,0.804,0.756,0.756,0.826,0.903,0.968,0.999,0.947,0.781,0.555,0.239,-0.02,-0.25,-0.40,-0.43,-0.36,-0.29,-0.18,-0.06,0.087,0.239
0.125,0.238,0.349,0.455,0.522,0.586,0.616,0.586,0.522,0.420,0.238,0.086,-0.10,-0.25,-0.36,-0.47,-0.50,-0.50,-0.47,-0.40,-0.25,-0.06,0.125,0.385,0.616,0.804,0.933,0.990,0.999,0.995,0.995,0.999,0.990,0.933,0.804,0.586,0.313,0.048,-0.18,-0.33,-0.33,-0.25,-0.10,0.086,0.313,0.554,0.756,0.885,0.968,0.998,0.998,0.991,0.995,0.999,0.977,0.919,0.847,0.826,0.826,0.885,0.946,0.995,0.985,0.867,0.676,0.385,0.049,-0.21,-0.43,-0.53,-0.53,-0.47,-0.36,-0.25,-0.10,0.087,0.239
0.238,0.349,0.455,0.554,0.586,0.616,0.616,0.554,0.455,0.275,0.048,-0.14,-0.33,-0.47,-0.60,-0.66,-0.66,-0.63,-0.56,-0.47,-0.29,-0.10,0.125,0.385,0.616,0.826,0.933,0.984,0.999,0.999,0.999,0.998,0.968,0.903,0.730,0.522,0.238,-0.02,-0.25,-0.36,-0.36,-0.29,-0.10,0.125,0.349,0.586,0.804,0.919,0.984,0.999,0.991,0.977,0.977,0.995,0.990,0.946,0.885,0.867,0.885,0.933,0.977,0.999,0.947,0.805,0.587,0.277,-0.02,-0.29,-0.50,-0.60,-0.56,-0.50,-0.36,-0.21,-0.06,0.164,0.350
0.420,0.522,0.616,0.675,0.703,0.703,0.675,0.554,0.385,0.162,-0.06,-0.29,-0.50,-0.63,-0.74,-0.76,-0.76,-0.71,-0.63,-0.47,-0.29,-0.02,0.201,0.455,0.703,0.867,0.958,0.995,0.999,0.998,0.999,0.998,0.968,0.885,0.730,0.488,0.201,-0.06,-0.25,-0.36,-0.33,-0.21,-0.02,0.201,0.455,0.675,0.867,0.958,0.998,0.991,0.968,0.947,0.958,0.985,0.998,0.968,0.919,0.903,0.919,0.958,0.990,0.995,0.933,0.781,0.523,0.239,-0.02,-0.29,-0.47,-0.53,-0.53,-0.43,-0.29,-0.10,0.087,0.313,0.489
0.616,0.703,0.756,0.804,0.804,0.780,0.730,0.586,0.385,0.125,-0.18,-0.43,-0.63,-0.74,-0.81,-0.83,-0.81,-0.76,-0.63,-0.43,-0.21,0.086,0.349,0.586,0.780,0.919,0.984,0.999,0.991,0.985,0.991,0.999,0.984,0.919,0.756,0.554,0.275,0.009,-0.18,-0.25,-0.21,-0.10,0.125,0.349,0.586,0.780,0.919,0.990,0.995,0.968,0.933,0.919,0.933,0.968,0.999,0.984,0.946,0.933,0.946,0.968,0.995,0.991,0.919,0.781,0.555,0.313,0.049,-0.18,-0.36,-0.43,-0.36,-0.25,-0.10,0.087,0.313,0.523,0.676
0.804,0.867,0.903,0.919,0.903,0.867,0.804,0.646,0.385,0.086,-0.21,-0.50,-0.68,-0.81,-0.85,-0.87,-0.83,-0.74,-0.60,-0.36,-0.06,0.238,0.488,0.730,0.885,0.977,0.999,0.985,0.958,0.947,0.968,0.991,0.998,0.958,0.847,0.646,0.420,0.162,-0.02,-0.06,-0.02,0.125,0.313,0.522,0.730,0.885,0.977,0.999,0.968,0.919,0.886,0.867,0.903,0.947,0.995,0.990,0.968,0.946,0.958,0.977,0.998,0.991,0.933,0.827,0.647,0.421,0.202,-0.02,-0.14,-0.18,-0.14,0.010,0.202,0.385,0.555,0.731,0.848
0.933,0.968,0.984,0.984,0.977,0.946,0.867,0.703,0.455,0.086,-0.25,-0.53,-0.71,-0.83,-0.87,-0.87,-0.83,-0.71,-0.53,-0.25,0.086,0.420,0.675,0.847,0.968,0.999,0.977,0.919,0.886,0.867,0.886,0.947,0.985,0.995,0.933,0.780,0.586,0.385,0.238,0.162,0.238,0.349,0.522,0.730,0.867,0.968,0.999,0.977,0.933,0.867,0.848,0.827,0.867,0.933,0.991,0.995,0.977,0.958,0.958,0.968,0.995,0.998,0.968,0.886,0.757,0.587,0.421,0.239,0.126,0.126,0.202,0.350,0.489,0.676,0.805,0.903,0.977
0.998,0.999,0.998,0.998,0.999,0.984,0.933,0.780,0.488,0.125,-0.21,-0.53,-0.71,-0.83,-0.87,-0.87,-0.79,-0.66,-0.43,-0.10,0.275,0.586,0.826,0.946,0.999,0.968,0.886,0.805,0.731,0.731,0.757,0.827,0.919,0.985,0.995,0.919,0.780,0.616,0.488,0.455,0.488,0.616,0.756,0.885,0.968,0.999,0.985,0.933,0.867,0.805,0.781,0.805,0.848,0.933,0.991,0.998,0.977,0.958,0.946,0.958,0.984,0.998,0.995,0.958,0.867,0.757,0.647,0.523,0.455,0.455,0.523,0.676,0.781,0.886,0.968,0.995,0.995
0.977,0.958,0.958,0.968,0.985,0.999,0.968,0.847,0.554,0.201,-0.18,-0.50,-0.71,-0.81,-0.85,-0.83,-0.74,-0.56,-0.29,0.048,0.455,0.756,0.919,0.995,0.977,0.886,0.757,0.647,0.555,0.523,0.555,0.647,0.781,0.903,0.985,0.995,0.933,0.826,0.756,0.730,0.756,0.826,0.919,0.977,0.999,0.977,0.933,0.867,0.805,0.757,0.757,0.805,0.867,0.933,0.991,0.995,0.968,0.933,0.919,0.933,0.946,0.977,0.998,0.995,0.968,0.919,0.848,0.781,0.757,0.757,0.827,0.903,0.968,0.995,0.995,0.968,0.933
0.903,0.886,0.886,0.903,0.947,0.991,0.990,0.885,0.616,0.238,-0.14,-0.47,-0.68,-0.79,-0.81,-0.79,-0.68,-0.47,-0.18,0.201,0.586,0.847,0.977,0.995,0.919,0.781,0.617,0.455,0.350,0.313,0.350,0.421,0.587,0.731,0.886,0.977,0.998,0.968,0.919,0.903,0.933,0.958,0.990,0.998,0.977,0.919,0.867,0.805,0.757,0.731,0.757,0.805,0.886,0.958,0.998,0.984,0.933,0.903,0.867,0.867,0.885,0.933,0.968,0.990,0.999,0.991,0.968,0.947,0.933,0.947,0.968,0.998,0.995,0.968,0.919,0.867,0.826
0.848,0.827,0.827,0.867,0.919,0.977,0.998,0.903,0.675,0.313,-0.10,-0.40,-0.63,-0.74,-0.79,-0.74,-0.63,-0.40,-0.06,0.313,0.675,0.919,0.998,0.977,0.867,0.676,0.489,0.313,0.164,0.126,0.126,0.202,0.350,0.555,0.731,0.867,0.968,0.998,0.998,0.990,0.995,0.999,0.991,0.968,0.919,0.867,0.805,0.757,0.731,0.757,0.805,0.867,0.933,0.985,0.998,0.946,0.885,0.826,0.780,0.780,0.804,0.847,0.885,0.933,0.968,0.990,0.999,0.998,0.998,0.998,0.998,0.968,0.919,0.867,0.804,0.756,0.730
0.757,0.757,0.757,0.805,0.886,0.958,0.999,0.946,0.730,0.385,0.009,-0.33,-0.56,-0.68,-0.74,-0.68,-0.56,-0.33,0.009,0.385,0.730,0.933,0.999,0.958,0.827,0.617,0.385,0.202,0.049,-0.02,-0.02,0.049,0.164,0.350,0.555,0.731,0.867,0.958,0.985,0.991,0.991,0.977,0.958,0.919,0.867,0.827,0.781,0.757,0.757,0.805,0.848,0.903,0.968,0.998,0.977,0.903,0.826,0.756,0.703,0.675,0.675,0.730,0.780,0.826,0.885,0.919,0.958,0.968,0.977,0.968,0.933,0.867,0.780,0.730,0.675,0.675,0.675
0.647,0.647,0.647,0.731,0.805,0.903,0.985,0.984,0.847,0.554,0.162,-0.18,-0.43,-0.56,-0.63,-0.60,-0.50,-0.25,0.048,0.420,0.730,0.933,0.999,0.958,0.827,0.617,0.385,0.164,0.010,-0.10,-0.10,-0.06,0.049,0.239,0.421,0.617,0.781,0.886,0.947,0.958,0.958,0.947,0.919,0.886,0.848,0.827,0.805,0.781,0.805,0.848,0.886,0.947,0.985,0.999,0.968,0.885,0.780,0.703,0.646,0.616,0.586,0.616,0.646,0.675,0.730,0.780,0.804,0.826,0.826,0.804,0.730,0.646,0.554,0.522,0.522,0.554,0.616
0.523,0.489,0.523,0.587,0.676,0.805,0.933,0.998,0.946,0.730,0.385,0.048,-0.25,-0.43,-0.50,-0.50,-0.40,-0.21,0.086,0.420,0.730,0.919,0.998,0.968,0.848,0.617,0.385,0.164,0.010,-0.10,-0.14,-0.10,0.010,0.164,0.350,0.555,0.731,0.848,0.919,0.933,0.947,0.933,0.919,0.903,0.867,0.848,0.848,0.848,0.848,0.886,0.919,0.968,0.995,0.998,0.958,0.885,0.804,0.703,0.646,0.586,0.554,0.522,0.522,0.522,0.554,0.586,0.586,0.586,0.554,0.522,0.420,0.313,0.275,0.275,0.313,0.420,0.554
0.385,0.350,0.385,0.421,0.523,0.676,0.827,0.958,0.995,0.867,0.586,0.275,-0.02,-0.25,-0.36,-0.40,-0.33,-0.14,0.086,0.420,0.703,0.903,0.990,0.985,0.867,0.676,0.421,0.202,0.049,-0.06,-0.10,-0.10,0.010,0.164,0.350,0.555,0.731,0.848,0.903,0.933,0.947,0.947,0.947,0.933,0.919,0.903,0.903,0.903,0.919,0.933,0.958,0.977,0.995,0.998,0.968,0.919,0.826,0.756,0.675,0.586,0.522,0.455,0.420,0.385,0.385,0.349,0.313,0.275,0.238,0.162,0.048,-0.02,-0.02,0.048,0.162,0.349,0.522
0.277,0.239,0.239,0.277,0.385,0.489,0.676,0.867,0.985,0.968,0.780,0.488,0.201,-0.06,-0.21,-0.25,-0.21,-0.10,0.125,0.385,0.675,0.867,0.977,0.995,0.903,0.731,0.489,0.277,0.087,-0.02,-0.06,-0.02,0.049,0.202,0.385,0.587,0.731,0.867,0.919,0.958,0.968,0.968,0.977,0.968,0.968,0.968,0.958,0.958,0.958,0.968,0.977,0.991,0.998,0.998,0.984,0.946,0.885,0.826,0.730,0.646,0.554,0.455,0.385,0.313,0.201,0.125,0.086,0.009,-0.06,-0.14,-0.25,-0.29,-0.25,-0.14,0.048,0.275,0.554
0.202,0.164,0.126,0.164,0.239,0.350,0.523,0.731,0.919,0.999,0.903,0.675,0.385,0.125,-0.06,-0.14,-0.14,-0.02,0.125,0.385,0.616,0.826,0.958,0.999,0.947,0.781,0.587,0.350,0.164,0.049,0.010,0.010,0.126,0.277,0.455,0.617,0.781,0.903,0.958,0.977,0.991,0.995,0.998,0.998,0.998,0.998,0.995,0.995,0.995,0.995,0.995,0.995,0.998,0.999,0.995,0.977,0.946,0.885,0.804,0.730,0.616,0.488,0.385,0.238,0.125,0.009,-0.10,-0.21,-0.33,-0.40,-0.47,-0.50,-0.43,-0.29,-0.02,0.275,0.586
0.202,0.126,0.087,0.087,0.126,0.239,0.385,0.587,0.827,0.985,0.977,0.804,0.554,0.313,0.086,-0.02,-0.06,0.009,0.162,0.349,0.586,0.780,0.933,0.998,0.968,0.848,0.647,0.421,0.239,0.126,0.087,0.126,0.202,0.350,0.523,0.704,0.848,0.933,0.977,0.995,0.999,0.998,0.990,0.990,0.984,0.984,0.990,0.995,0.998,0.999,0.999,0.999,0.999,0.999,0.999,0.995,0.977,0.946,0.903,0.826,0.703,0.586,0.420,0.275,0.086,-0.06,-0.21,-0.36,-0.47,-0.56,-0.60,-0.60,-0.50,-0.33,-0.02,0.313,0.646
0.239,0.164,0.126,0.087,0.087,0.164,0.277,0.489,0.757,0.947,0.998,0.903,0.675,0.455,0.238,0.086,0.009,0.048,0.162,0.349,0.554,0.756,0.903,0.990,0.985,0.886,0.704,0.523,0.350,0.239,0.164,0.202,0.313,0.455,0.617,0.781,0.903,0.977,0.998,0.998,0.984,0.968,0.946,0.933,0.919,0.919,0.933,0.946,0.968,0.977,0.990,0.998,0.999,0.998,0.998,0.998,0.999,0.990,0.958,0.903,0.804,0.675,0.522,0.313,0.125,-0.06,-0.25,-0.40,-0.53,-0.60,-0.66,-0.63,-0.50,-0.29,0.048,0.420,0.756
0.350,0.277,0.202,0.126,0.126,0.164,0.239,0.455,0.704,0.903,0.998,0.946,0.780,0.554,0.313,0.162,0.086,0.086,0.162,0.313,0.522,0.730,0.885,0.977,0.995,0.903,0.757,0.587,0.421,0.313,0.277,0.277,0.385,0.523,0.704,0.848,0.947,0.995,0.995,0.977,0.946,0.903,0.847,0.826,0.804,0.804,0.804,0.847,0.885,0.933,0.968,0.995,0.999,0.995,0.985,0.985,0.991,0.999,0.995,0.968,0.903,0.804,0.646,0.455,0.238,0.009,-0.21,-0.36,-0.50,-0.60,-0.63,-0.56,-0.43,-0.14,0.201,0.554,0.847
0.523,0.421,0.313,0.239,0.202,0.202,0.277,0.455,0.676,0.886,0.995,0.968,0.826,0.616,0.420,0.238,0.162,0.125,0.201,0.349,0.522,0.703,0.867,0.968,0.998,0.933,0.781,0.617,0.455,0.350,0.313,0.350,0.455,0.617,0.757,0.903,0.977,0.999,0.977,0.933,0.867,0.804,0.730,0.675,0.646,0.616,0.646,0.703,0.780,0.867,0.933,0.977,0.999,0.991,0.977,0.958,0.968,0.977,0.995,0.998,0.977,0.903,0.780,0.616,0.385,0.162,-0.06,-0.25,-0.40,-0.47,-0.50,-0.43,-0.25,0.048,0.385,0.730,0.946
0.704,0.617,0.523,0.421,0.350,0.313,0.385,0.523,0.704,0.903,0.995,0.968,0.847,0.646,0.455,0.313,0.201,0.201,0.238,0.349,0.522,0.703,0.847,0.968,0.998,0.933,0.805,0.647,0.489,0.385,0.385,0.421,0.523,0.676,0.827,0.933,0.995,0.990,0.946,0.885,0.804,0.703,0.586,0.488,0.455,0.420,0.455,0.554,0.646,0.756,0.885,0.958,0.998,0.991,0.958,0.933,0.919,0.933,0.958,0.991,0.999,0.977,0.903,0.756,0.586,0.385,0.162,-0.02,-0.18,-0.29,-0.29,-0.18,0.009,0.313,0.616,0.867,0.995
