dist/data/perlin8_5_2_m_direction.json
{"header": { "nx": 708, "ny": 282, "lo1": -179.1257043447, "lo2": 174.874295655, "la1": 83.52724844, "la2": -59.47275156, "dx": 0.5072870648, "dy": 0.5072870648, "noData": -9, "refTime": "2013-11-30T18:00:00.000Z", "forecastTime": 6, "parameterCategory": 2, "parameterNumber": 2, "parameterNumberName": "U component" }, "data":
[rows 0 to 55 of 282, columns 576 to 671 of 708]
0,0,0,0,0,0,0,0,0,0,0,0,0,0,0,0,0,0,0,0,0,0,0,0,0,0,0,0,0,0,0,0,0,0,0,0,0,0,0,0,0,0,0,0,0,0,0,0,0,0,0,0,0,0,0,0,0,0,0,0,0,0,0,0,0,0,0,0,0,0,0,0,0,0,0,0,0,0,0,0,0,0,0,0,0,0,0,0,0,0,0,0,0,0,0,0
0,0,0,0,0,0,0,0,0,0,0,0,0,0,0,0,0,0,0,0,0,0,0,0,0,0,0,0,0,0,0,0,0,0,0,0,0,0,0,0,0,0,0,0,0,0,0,0,0,0,0,0,0,0,0,0,0,0,0,0,0,0,0,0,0,0,0,0,0,0,0,0,0,0,0,0,0,0,0,0,0,0,0,0,0,0,0,0,0,0,0,0,0,0,0,0
0,0,0,0,0,0,0,0,0,0,0,0,0,0,0,0,0,0,0,0,0,0,0,0,0,0,0,0,0,0,0,0,0,0,0,0,0,0,0,0,0,0,0,0,0,0,0,0,0,0,0,0,0,0,0,0,0,0,0,0,0,0,0,0,0,0,0,0,0,0,0,0,0,0,0,0,0,0,0,0,0,0,0,0,0,0,0,0,0,0,0,0,0,0,0,0
0,0,0,0,0,0,0,0,0,0,0,0,0,0,0,0,0,0,0,0,0,0,0,0,0,0,0,0,0,0,0,0,0,0,0,0,0,0,0,0,0,0,0,0,0,0,0,0,0,0,0,0,0,0,0,0,0,0,0,0,0,0,0,0,0,0,0,0,0,0,0,0,0,0,0,0,0,0,0,0,0,0,0,0,0,0,0,0,0,0,0,0,0,0,0,0
0,0,0,0,0,0,0,0,0,0,0,0,0,0,0,0,0,0,0,0,0,0,0,0,0,0,0,0,0,0,0,0,0,0,0,0,0,0,0,0,0,0,0,0,0,0,0,0,0,0,0,0,0,0,0,0,0,0,0,0,0,0,0,0,0,0,0,0,0,0,0,0,0,0,0,0,0,0,0,0,0,0,0,0,0,0,0,0,0,0,0,0,0,0,0,0
0,0,0,0,0,0,0,0,0,0,0,0,0,0,0,0,0,0,0,0,0,0,0,0,0,0,0,0,0,0,0,0,0,0,0,0,0,0,0,0,0,0,0,0,0,0,0,0,0,0,0,0,0,0,0,0,0,0,0,0,0,0,0,0,0,0,0,0,0,0,0,0,0,0,0,0,0,0,0,0,0,0,0,0,0,0,0,0,0,0,0,0,0,0,0,0
0,0,0,0,0,0,0,0,0,0,0,0,0,0,0,0,0,0,0,0,0,0,0,0,0,0,0,0,0,0,0,0,0,0,0,0,0,0,0,0,0,0,0,0,0,0,0,0,0,0,0,0,0,0,0,0,0,0,0,0,0,0,0,0,0,0,0,0,0,0,0,0,0,0,0,0,0,0,0,0,0,0,0,0,0,0,0,0,0,0,0,0,0,0,0,0
0,0,0,0,0,0,0,0,0,0,0,0,0,0,0,0,0,0,0,0,0,0,0,0,0,0,0,0,0,0,0,0,0,0,0,0,0,0,0,0,0,0,0,0,0,0,0,0,0,0,0,0,0,0,0,0,0,0,0,0,0,0,0,0,0,0,0,0,0,0,0,0,0,0,0,0,0,0,0,0,0,0,0,0,0,0,0,0,0,0,0,0,0,0,0,0
0,0,0,0,0,0,0,0,0,0,0,0,0,0,0,0,0,0,0,0,0,0,0,0,0,0,0,0,0,0,0,0,0,0,0,0,0,0,0,0,0,0,0,0,0,0,0,0,0,0,0,0,0,0,0,0,0,0,0,0,0,0,0,0,0,0,0,0,0,0,0,0,0,0,0,0,0,0,0,0,0,0,0,0,0,0,0,0,0,0,0,0,0,0,0,0
0,0,0,0,0,0,0,0,0,0,0,0,0,0,0,0,0,0,0,0,0,0,0,0,0,0,0,0,0,0,0,0,0,0,0,0,0,0,0,0,0,0,0,0,0,0,0,0,0,0,0,0,0,0,0,0,0,0,0,0,0,0,0,0,0,0,0,0,0,0,0,0,0,0,0,0,0,0,0,0,0,0,0,0,0,0,0,0,0,0,0,0,0,0,0,0
0,0,0,0,0,0,0,0,0,0,0,0,0,0,0,0,0,0,0,0,0,0,0,0,0,0,0,0,0,0,0,0,0,0,0,0,0,0,0,0,0,0,0,0,0,0,0,0,0,0,0,0,0,0,0,0,0,0,0,0,0,0,0,0,0,0,0,0,0,0,0,0,0,0,0,0,0,0,0,0,0,0,0,0,0,0,0,0,0,0,0,0,0,0,0,0
0,0,0,0,0,0,0,0,0,0,0,0,0,0,0,0,0,0,0,0,0,0,0,0,0,0,0,0,0,0,0,0,0,0,0,0,0,0,0,0,0,0,0,0,0,0,0,0,0,0,0,0,0,0,0,0,0,0,0,0,0,0,0,0,0,0,0,0,0,0,0,0,0,0,0,0,0,0,0,0,0,0,0,0,0,0,0,0,0,0,0,0,0,0,0,0
0,0,0,0,0,0,0,0,0,0,0,0,0,0,0,0,0,0,0,0,0,0,0,0,0,0,0,0,0,0,0,0,0,0,0,0,0,0,0,0,0,0,0,0,0,0,0,0,0,0,0,0,0,0,0,0,0,0,0,0,0,0,0,0,0,0,0,0,0,0,0,0,0,0,0,0,0,0,0,0,0,0,0,0,0,0,0,0,0,0,0,0,0,0,0,0
0,0,0,0,0,0,0,0,0,0,0,0,0,0,0,0,0,0,0,0,0,0,0,0,0,0,0,0,0,0,0,0,0,0,0,0,0,0,0,0,0,0,0,0,0,0,0,0,0,0,0,0,0,0,0,0,0,0,0,0,0,0,0,0,0,0,0,0,0,0,0.391,0,0,0,0,0,0,0,0,0,0,0,0,0,0,0,0,0,0,0,0,0,0,0,0,0
0,0,0,0,0,0,0,0,0,0,0,0,0,0,0,0,0,0,0,0,0,0,0,0,0,0,0,0,0,0,0,0,0,0,0,0,0,0,0,0,0,0,0,0,0,0,0,0,0,0,0,0,0,0,0,0,0,0,0,0,0,0,0,0,0,0,0,0,0,0,0,0,0,0,0,0,0,0,0,0,0,0,0,0,0,0,0,0,0,0,0,0,0,0,0,0
0.921,0,0,0,0,0,0,0,0,0,0,0,0,0,0,0,0,0,0,0,0,0,0,0,0,0,0,0,0,0,0,0,0,0,0,0,0,0,0,0,0,0,0,0,-0.82,0,0,-0.51,0.993,0.171,0.949,-0.44,0.317,0.510,0,-0.56,0.964,0,0,0.266,0.525,0.022,0,0,0,0,0,0,0,0,0,0,0,0,0,0,0,0,0,0,0,0,0,0,0,0,0,0,0,0,0,0,0,0,0,0
0,0,0,0,0,0,0,0,0,0,0,0,0,0,0,0,0,0,0,0,0,0,0,0,0,0,0,0,0,0,0,0,0,0,0,0,0,0,0,0,0,0,0,0,0,0,0,-0.56,0.993,-0.73,-0.11,0.999,0.999,0.249,-0.85,-0.51,-0.91,-0.39,-0.66,0.999,-0.64,-0.25,0,0,0,-0.91,-0.84,-0.96,-0.90,-0.99,-0.95,-0.96,-0.85,0,0,0,0,0,0,0,0,0,0,0,0,0,0,0,0,0,0,0,0,0,0,0
0,0,0,0,0,0,0,0,0,0,0,0,0,0,0,0,0,0,0,0,0,0,0,0,0,0,0,0,0,0,0,0,0,0,0,0,0,0,0,0,0,0,0,0,0,0,0,0,0,0,0,0.999,0,0,0,0,0,0,0,0,0,0,0,0,0,0,0,0,0,0,0,0,0,0,0,0,0,0,0,0,0,0,0,0,0,0,0,0,0,0,0,0,0,0,0,0
0,0,0,0,0,0,0,0,0,0,0,0,0,0,0,0,0,0,0,0,0,0,0,0,0,0,0,0,0,0,0,0,0,0,0,0,0,0,0,0,0,0,0,0,0,0,0,0,0,0,0,0,0,-0.99,-0.38,0,0,0,0,0,0,0,0,0,0,0,0,0,0,0,0,0,0,0,0,0,0,0,0,0,0,0,0,0,0,0,0,0,0,0,0,0,0,0,0,0
0,0,0,0,-0.99,0,0,0,0,0,0,0,0,0,0,0,0,0,0,0,0,-0.98,-0.91,-0.25,0,0,0,0,0,0,0,0,0,0,0,0,0,0,0,0,0,0,0,0,0,0,0,0,0,0,0,0,0,0,0.317,0.999,0.776,0.171,0.633,0,0,0,0,0,0,0,0,0,0,0,0,0,0,0,0,0,0,0,0,0,0,0,0,0,0,0,0,0,0,0,0,0,0,0,0,0
0.525,0.266,-0.66,-0.99,0.119,-0.96,0.776,-0.38,-0.99,-0.92,-0.81,0,0,0,0,0,0,0,0,0,0.991,-0.74,0.765,-0.39,0.266,0.266,0.964,-0.77,-0.99,0.171,-0.73,0,0,0,0,0,0,0,0,0,0,0,0,0,0,0,0,0,0,0,0,0,0,0,0,0,0,0,0,0,0,0,0,0,0,0,0,0,0,0,0,0,0,0,0,0,0,0,0,0,0,0,0,0,0,0,0,0,0,0,0,0,0,0,0,0
0.525,0.266,-0.66,-0.99,0.119,-0.96,0.776,-0.38,-0.99,-0.92,-0.81,0.730,-0.62,0.949,0.391,-0.16,0.999,-0.90,-0.74,0.646,0.991,-0.74,0.765,-0.39,0.266,0.266,0.964,-0.77,-0.99,0.171,0,-0.99,0,0,0,0,0,0,0,0,0,0,0,0,0,0,0,0,0,0,0,0,0,0,0,0.510,-0.98,-0.03,0.993,0.391,0,0,0,0,0,0,0,0,0,0,0,0,0,0,0,0,0,0,0,0,0,0,0,0,0,0,0,0,0,0,0,0,0,0,0,0
-0.90,0.834,-0.84,-0.39,-0.82,0.440,-0.85,-0.98,0.730,0.101,-0.78,-0.18,0.569,-0.73,0.899,0.525,0.765,0.914,0.991,-0.99,0.991,-0.96,-0.74,0.646,-0.53,0.991,-0.84,-0.39,0.300,-0.77,-0.56,-0.99,0,0,0,0,0,0,0,0,0,0,0,0,0,0,0,0,0,0,0,-0.98,0,-0.68,-0.68,0.949,-0.85,0.993,-0.77,-0.82,0.853,0.119,0.899,0.742,0.999,-0.90,-0.29,0.646,0.646,-0.96,0.765,0,0,0,0,0,0,0,0,0,0,0,0,0,0,0,0,0,0,0,0,0,0,0,0,0
-0.29,-0.29,0.914,-0.39,0.853,-0.99,-0.96,-0.11,-0.62,0.892,-0.94,-0.18,0.949,0.440,-0.82,-0.43,-0.39,-0.66,-0.84,0.914,-0.90,0.266,-0.84,-0.29,0.424,-0.53,0.991,0.834,0.955,0.300,-0.25,0,0,0,0,0,0,0,-0.68,0,0,0,0,0,0,0,0,0,0,0,0,0,0.824,0.993,0.993,0.633,-0.99,-0.25,-0.82,0.742,-0.82,-0.91,0.742,0.555,-0.90,-0.01,-0.74,-0.96,0.646,0.646,0.834,0.300,0,0,0,0,0,0,0,0,0,0,0,0,0,0,0,0,0,0,0,0,0,0,0,0
-0.74,0.914,0.765,-0.99,-0.77,0.985,0.985,0.633,-0.11,-0.62,0.039,0.317,-0.89,-0.51,0.899,-0.91,-0.91,-0.16,-0.64,-0.64,-0.91,-0.82,0.300,0.555,-0.12,0.154,-0.29,-0.29,-0.01,-0.43,0.899,-0.25,-0.95,0,0,0,0,0.921,-0.89,0.921,-0.96,-0.73,0.921,0.824,0.633,-0.99,-0.51,0.993,0,-0.73,-0.73,0.921,-0.96,0.985,-0.95,-0.25,0.673,-0.95,0.853,-0.82,0.853,-0.82,0.964,-0.98,-0.84,-0.84,-0.90,0.834,-0.29,0.991,-0.01,0.742,0.993,0.249,0.969,0.039,0,0,0,0,0,0,0,0,0,0,0,0,0,0,0,0,0,0,0,0
-0.66,0.555,-0.99,-0.82,-0.95,-0.77,0.899,0.985,-0.96,-0.11,-0.38,-0.38,0.171,-0.99,-0.95,-0.77,0.673,0.985,0.391,0.391,0.993,0.633,0.440,-0.25,0.300,0.955,-0.74,-0.53,0.154,0.555,-0.91,0.899,0.673,-0.25,0.899,0.119,0.985,0.633,0.633,0.440,0.993,0.171,-0.89,-0.98,0.249,-0.03,0.171,0.171,-0.03,-0.89,-0.85,0.921,0.993,-0.56,0.985,-0.77,-0.25,0.673,0.899,0.119,-0.95,0.853,0.742,0.525,-0.39,0.999,0.525,0.555,-0.12,0.914,0.955,-0.82,0.633,0.569,0.892,0.686,0.982,0.039,-0.68,-0.51,-0.82,-0.64,-0.99,0.742,0.985,-0.85,-0.44,-0.18,-0.81,0.317,-0.03,0.391,0,0,0,0
-0.91,0.022,0.899,-0.25,-0.25,-0.82,-0.91,0.119,0.440,0.921,-0.89,-0.89,-0.73,0.993,-0.99,0.985,-0.99,0.171,-0.85,-0.11,-0.68,-0.38,-0.68,0.171,-0.95,0.999,0.154,0.424,-0.96,-0.39,-0.16,-0.77,-0.56,-0.56,0.391,0.673,0.985,0.440,0.440,-0.99,0.993,0.921,-0.11,-0.38,-0.38,-0.85,-0.96,-0.73,-0.85,0.949,-0.89,-0.30,-0.51,0.993,0.633,0.391,0.391,-0.56,-0.25,0.985,0.440,0.391,-0.77,-0.82,-0.82,-0.25,0.985,0.119,0.964,-0.39,0.555,0.022,-0.30,-0.44,0.375,0.995,-0.57,-0.92,-0.89,-0.51,-0.95,-0.82,-0.99,0.525,0.742,0.985,-0.73,-0.85,0.776,-0.89,-0.30,-0.56,0,0,0,0
0.633,0.993,0.633,0.993,-0.77,0.300,0.964,0.899,0.633,-0.85,-0.11,-0.89,-0.03,0.921,0.993,0.391,0.633,-0.85,0.949,-0.44,-0.92,0.862,-0.92,-0.68,0.633,-0.91,-0.66,-0.90,0.765,-0.64,0.119,-0.56,0.633,-0.30,-0.30,-0.30,-0.96,-0.30,-0.51,-0.99,0.633,0.171,0.921,0.824,0.921,0.440,0.391,-0.56,0.633,0.921,-0.73,-0.99,0.440,-0.73,-0.30,0.440,0.633,-0.96,0.993,0.993,0.171,-0.30,-0.51,-0.99,0.633,-0.89,-0.89,-0.30,-0.95,0.742,-0.99,-0.91,0.633,0.999,0.375,-0.32,-0.50,0.862,-0.38,0.921,0.633,0.391,0.742,0.525,-0.99,-0.82,-0.25,0.391,0.633,0.440,-0.56,-0.99,0.391,-0.56,0,0
-0.11,0.776,-0.89,-0.96,-0.95,0.742,-0.91,-0.95,0.171,-0.11,0.776,-0.68,-0.98,0.949,0.171,0.633,0.171,0.249,-0.99,0.892,-0.57,0.455,0.686,0.969,-0.11,0.391,-0.16,-0.99,-0.99,-0.82,0.673,0.993,0.921,-0.03,0.921,0.171,-0.96,-0.99,-0.25,-0.95,0.985,0.993,0.440,0.673,-0.95,0.899,-0.91,-0.82,-0.95,-0.99,-0.56,-0.25,-0.56,0.633,-0.30,-0.30,0.921,-0.89,-0.11,-0.68,-0.38,-0.98,0.949,-0.11,0.249,0.510,0.510,0.949,-0.96,-0.77,-0.91,0.899,0.440,-0.68,-0.24,0.995,0.455,-0.24,0.730,0.999,-0.68,0.824,0.673,-0.82,-0.91,0.899,-0.25,0.985,-0.99,0.985,0.119,-0.95,0.985,-0.99,0.993,-0.30
0.999,0.999,0.776,-0.30,-0.95,-0.82,0.899,0.985,-0.73,-0.85,-0.85,0.249,0.569,0.999,-0.38,0.249,0.249,0.969,0.982,-0.32,0.814,-0.04,-0.32,-0.24,-0.62,-0.73,-0.77,-0.82,0.300,-0.16,-0.25,-0.99,0.824,0.949,-0.85,-0.73,-0.56,0.022,-0.82,-0.82,0.899,0.985,-0.25,0.853,0.022,-0.91,-0.43,-0.43,-0.91,-0.77,-0.77,0.022,-0.77,0.391,0.993,0.171,0.949,-0.99,-0.81,0.982,0.375,-0.94,0.862,-0.92,0.969,-0.81,0.862,0.730,-0.98,-0.30,-0.99,0.993,-0.96,0.949,-0.81,0.982,-0.99,0.686,0.862,-0.92,0.969,-0.38,-0.73,0.985,0.119,-0.25,0.985,-0.25,0.119,0.853,-0.16,-0.91,0.899,-0.95,0,-0.96
0.969,0.969,-0.98,-0.30,-0.95,0.899,0.119,-0.77,0.391,-0.56,-0.99,-0.73,0.776,-0.44,-0.92,-0.18,-0.81,0.455,-0.09,-0.69,0.232,-0.69,-0.09,0.619,0.101,0.249,-0.51,0.119,0.742,0.300,0.022,-0.95,0.440,0.824,0.171,0.440,0.119,0.300,-0.99,0.300,-0.91,-0.77,0.673,0.391,0.673,-0.82,-0.64,-0.99,0.300,-0.82,0.119,-0.82,-0.82,-0.77,0.993,-0.11,-0.62,-0.94,-0.32,-0.04,0.814,0.189,0.619,-0.99,0.982,0.375,0.375,0.892,-0.44,-0.11,-0.85,0.824,-0.73,-0.85,0.510,0.892,0.982,0.686,-0.24,-0.78,0.039,-0.99,-0.11,-0.30,0.391,-0.99,0.440,0.673,-0.91,-0.64,-0.99,-0.64,0.300,-0.82,0.391,0.921
0.969,0.969,-0.98,-0.30,-0.95,0.899,0.119,-0.77,0.391,-0.56,-0.99,-0.73,0.776,-0.44,-0.92,-0.18,-0.81,0.455,-0.09,-0.69,0.232,-0.69,-0.09,0.619,0.101,0.249,-0.51,0.119,0.742,0.300,0.022,-0.95,0.440,0.824,0.171,0.440,0.119,0.300,-0.99,0.300,-0.91,-0.77,0.673,0.391,0.673,-0.82,-0.64,-0.99,0.300,-0.82,0.119,-0.82,-0.82,-0.77,0.993,-0.11,-0.62,-0.94,-0.32,-0.04,0.814,0.189,0.619,-0.99,0.982,0.375,0.375,0.892,-0.44,-0.11,-0.85,0.824,-0.73,-0.85,0.510,0.892,0.982,0.686,-0.24,-0.78,0.039,-0.99,-0.11,-0.30,0.391,-0.99,0.440,0.673,-0.91,-0.64,-0.99,-0.64,0.300,-0.82,0.391,0.921
-0.92,0.730,0.569,0.171,-0.99,0.985,-0.77,-0.82,-0.16,0.964,0.742,0.673,0.921,-0.38,-0.81,-0.94,-0.99,-0.09,0.494,-0.61,-0.46,0.584,0.787,-0.72,0.982,0.999,0.633,-0.25,-0.91,-0.64,0.964,-0.82,-0.25,0.993,0.993,0.673,-0.16,0.999,-0.39,0.525,0.964,0.899,0.993,-0.89,0.824,-0.56,0.899,-0.91,0.300,0.964,-0.82,0.022,-0.82,0.119,0.633,0.999,-0.78,0.619,-0.88,0.787,-0.88,0.787,-0.86,-0.72,0.995,-0.99,0.686,0.101,0.969,-0.98,0.949,-0.11,0.921,-0.85,-0.38,-0.81,0.686,-0.94,-0.78,-0.24,-0.24,-0.92,0.510,0.949,0.921,0.921,0.824,0.993,0.022,0.999,-0.39,0.555,0.999,0.742,-0.25,0.824
-0.81,-0.62,0.776,-0.96,-0.99,-0.56,0.673,-0.91,-0.43,-0.98,-0.66,-0.91,0.440,-0.11,0.730,-0.24,0.995,-0.09,-0.36,0.584,0.584,0.232,-0.86,-0.32,0.686,0.999,0.440,0.899,0.964,-0.43,0.525,-0.43,-0.91,0.673,-0.56,-0.77,0.300,-0.39,0.999,0.300,-0.91,0.985,-0.89,-0.44,-0.44,-0.89,-0.99,0.899,-0.16,0.300,-0.64,0.300,0.742,-0.91,0.391,-0.68,0.101,0.995,0.814,-0.88,-0.86,-0.09,-0.04,-0.32,-0.50,0.982,0.101,0.862,0.039,-0.99,-0.98,-0.11,0.824,-0.85,-0.68,0.317,0.892,0.039,-0.81,0.862,-0.78,0.862,0.969,-0.38,0.776,0.249,0.949,0.921,-0.95,0.525,0.955,0.765,-0.66,0.525,0.853,-0.30
0.317,0.249,-0.73,-0.51,0.673,0.673,0.673,-0.82,-0.43,0.266,-0.90,0.525,0.899,0.993,0.249,0.969,-0.78,0.995,0.189,0.189,-0.04,0.814,-0.32,0.375,-0.81,0.569,0.993,-0.91,0.525,-0.98,0.765,-0.98,-0.16,-0.25,0.673,0.853,-0.64,0.555,0.964,0.119,0.673,-0.96,0.999,0.039,0.101,0.969,-0.89,-0.99,-0.95,-0.82,-0.43,-0.66,0.955,0.999,0.119,0.171,-0.44,0.862,0.982,0.995,0.619,0.189,-0.72,0.375,0.892,-0.18,0.317,0.317,-0.18,0.969,0.999,-0.89,0.824,0.824,0.824,-0.11,0.510,-0.62,-0.62,-0.62,0.317,0.317,0.999,-0.68,-0.68,0.999,0.569,-0.89,0.985,-0.64,-0.12,0.154,0.834,0.955,-0.64,0.985
0.949,0.440,-0.77,0.899,-0.77,-0.99,0.993,-0.56,0.119,0.525,-0.12,-0.66,-0.64,0.899,-0.99,0.171,0.249,0.317,-0.81,0.101,-0.57,-0.99,-0.94,0.969,-0.68,-0.89,-0.51,0.964,0.266,-0.12,-0.90,0.525,0.673,0.440,-0.99,-0.95,-0.16,0.300,0.022,0.985,-0.51,-0.03,0.969,0.982,0.995,-0.78,0.510,-0.03,0.440,0.899,-0.43,-0.01,0.646,-0.12,0.742,-0.56,-0.85,0.999,0.969,0.862,-0.24,0.455,-0.57,0.730,0.949,-0.03,0.824,-0.11,0.510,-0.44,-0.38,-0.89,0.824,0.171,0.993,0.993,-0.03,-0.11,0.776,0.776,0.776,-0.68,0.949,-0.11,-0.68,0.510,0.510,0.776,0.391,-0.99,0.834,0.424,-0.29,-0.84,0.525,0.899
0.633,0.022,0.742,-0.91,0.673,0.171,-0.11,-0.85,0.633,0.022,0.999,-0.39,0.300,0.022,0.899,0.673,0.633,-0.85,0.949,-0.98,-0.62,0.730,0.999,-0.03,0.633,-0.56,0.899,0.525,0.266,0.955,0.266,0.742,0.633,-0.03,-0.03,0.993,-0.95,0.119,-0.25,-0.51,0.633,0.949,0.862,-0.50,-0.72,0.686,-0.62,0.776,0.633,0.853,0.555,0.834,-0.29,-0.84,0.999,0.853,0.633,-0.89,0.249,0.569,0.730,0.892,-0.18,0.249,0.633,0.673,0.673,0.440,-0.11,0.949,-0.85,-0.73,0.633,-0.51,-0.77,0.853,-0.25,-0.99,0.993,0.993,0.633,0.171,0.171,0.921,0.249,-0.44,-0.62,-0.98,0.633,0.964,0.914,-0.54,0.991,-0.01,0.999,0.853
-0.95,0.300,0.742,-0.77,0.993,0.824,0.776,0.776,-0.96,-0.25,-0.16,0.300,-0.91,-0.91,-0.82,0.853,-0.95,-0.99,0.633,-0.96,-0.03,0.249,-0.85,0.993,0.391,-0.77,-0.16,-0.64,-0.64,-0.43,-0.16,-0.56,-0.11,0.510,0.999,-0.85,-0.51,-0.56,-0.99,-0.51,0.633,0.249,0.862,0.619,0.928,0.982,-0.44,-0.73,0.673,-0.16,-0.98,-0.90,-0.84,-0.12,0.555,0.022,-0.99,-0.73,0.824,-0.03,-0.85,-0.11,0.921,0.391,-0.82,-0.99,-0.43,-0.91,-0.25,-0.56,0.391,0.673,-0.95,0.022,0.964,-0.64,0.964,0.119,0.985,0.985,0.673,0.673,0.673,-0.51,-0.73,0.776,0.569,-0.68,0.633,0.742,-0.12,-0.74,0.154,0.955,0.964,0.985
-0.16,-0.99,-0.91,-0.56,-0.30,-0.73,-0.85,-0.89,-0.30,-0.25,-0.82,0.300,-0.64,0.999,0.525,0.300,-0.16,0.853,-0.95,-0.51,0.171,0.949,0.776,-0.30,0.391,-0.25,0.853,0.022,0.022,0.899,0.633,-0.98,0.730,0.039,0.317,-0.68,0.824,0.993,0.391,-0.25,-0.99,-0.11,0.730,0.375,-0.50,0.862,0.949,0.985,0.853,-0.82,0.300,-0.39,0.266,0.765,-0.98,-0.91,-0.25,-0.99,0.993,0.440,0.391,0.673,0.119,-0.43,0.955,0.914,0.914,-0.66,-0.43,0.300,0.742,0.742,0.964,-0.43,-0.64,-0.99,-0.99,-0.16,0.853,0.899,0.853,0.742,0.964,0.853,0.119,0.391,-0.96,-0.96,-0.95,0.999,-0.90,-0.12,0.765,0.999,0.853,-0.30
-0.91,-0.91,-0.95,0.993,-0.96,-0.30,0.633,0.993,-0.99,-0.25,0.022,-0.43,0.266,-0.12,0.765,0.555,-0.99,0.964,0.022,-0.51,-0.85,0.999,-0.44,-0.11,0.633,0.985,-0.25,0.673,0.985,0.993,-0.68,0.039,-0.24,0.101,-0.18,0.510,-0.11,-0.96,-0.99,-0.25,0.391,0.921,-0.98,-0.44,-0.62,-0.98,-0.30,-0.77,0.119,-0.95,0.119,0.742,0.525,-0.66,-0.66,-0.64,-0.82,-0.95,0.673,-0.25,0.899,-0.91,-0.99,0.955,0.834,-0.96,-0.74,-0.12,-0.39,0.999,0.525,-0.43,0.555,0.555,0.300,-0.64,-0.99,-0.64,-0.91,0.853,-0.16,0.999,-0.98,0.555,-0.99,0.964,0.022,0.899,-0.64,0.955,-0.12,0.765,0.266,0.525,0.853,0.171
-0.91,-0.91,-0.95,0.993,-0.96,-0.30,0.633,0.993,-0.99,-0.25,0.022,-0.43,0.266,-0.12,0.765,0.555,-0.99,0.964,0.022,-0.51,-0.85,0.999,-0.44,-0.11,0.633,0.985,-0.25,0.673,0.985,0.993,-0.68,0.039,-0.24,0.101,-0.18,0.510,-0.11,-0.96,-0.99,-0.25,0.391,0.921,-0.98,-0.44,-0.62,-0.98,-0.30,-0.77,0.119,-0.95,0.119,0.742,0.525,-0.66,-0.66,-0.64,-0.82,-0.95,0.673,-0.25,0.899,-0.91,-0.99,0.955,0.834,-0.96,-0.74,-0.12,-0.39,0.999,0.525,-0.43,0.555,0.555,0.300,-0.64,-0.99,-0.64,-0.91,0.853,-0.16,0.999,-0.98,0.555,-0.99,0.964,0.022,0.899,-0.64,0.955,-0.12,0.765,0.266,0.525,0.853,0.171
-0.95,0.673,0.440,-0.73,-0.96,0.633,0.391,0.673,0.391,-0.77,0.300,0.955,-0.74,-0.29,-0.74,-0.84,0.266,0.525,0.853,-0.96,-0.98,0.730,-0.18,-0.38,-0.96,0.391,-0.99,-0.96,0.921,0.249,0.969,0.686,-0.94,-0.18,0.969,-0.62,-0.98,-0.85,-0.96,0.993,-0.30,-0.73,-0.96,0.440,-0.51,-0.99,-0.95,0.899,-0.25,0.993,0.633,-0.99,-0.25,-0.91,0.300,-0.16,0.899,0.985,-0.56,-0.25,0.022,-0.16,0.525,0.765,0.834,-0.74,0.154,-0.12,0.525,-0.99,-0.99,-0.64,0.999,0.999,0.300,-0.64,-0.43,0.300,0.119,0.985,0.853,0.999,-0.90,-0.84,0.955,-0.39,-0.43,0.525,0.266,-0.01,-0.84,0.955,0.555,0.300,0.119,-0.03
0.985,0.633,-0.11,0.249,-0.89,0.171,-0.51,0.985,-0.56,-0.77,0.525,0.914,0.408,0.660,-0.54,0.154,0.266,0.964,-0.51,0.776,0.969,-0.94,0.101,-0.44,0.921,0.440,0.171,0.249,0.999,-0.62,-0.92,-0.78,0.892,0.317,-0.62,0.730,0.317,0.569,0.776,-0.11,-0.89,0.633,0.899,-0.43,0.999,0.525,0.300,0.899,-0.56,0.921,-0.68,-0.98,0.249,0.171,-0.99,-0.99,-0.99,0.993,0.633,-0.56,-0.77,0.119,0.899,0.964,-0.98,-0.90,0.765,-0.39,0.300,-0.16,-0.91,0.964,-0.99,-0.43,0.300,0.742,-0.91,0.119,-0.99,0.993,-0.25,-0.43,-0.90,-0.01,-0.12,-0.98,-0.43,0.999,0.765,-0.84,0.765,0.525,0.742,-0.91,-0.95,-0.85
0.440,-0.85,-0.44,0.317,-0.38,0.824,-0.99,-0.95,0.673,-0.77,-0.43,0.914,0.408,0.408,0.991,0.765,-0.16,0.985,-0.03,-0.44,0.892,-0.50,0.686,0.969,-0.11,-0.73,-0.11,0.569,-0.99,0.317,0.317,0.969,-0.62,0.510,-0.62,-0.18,0.730,-0.62,-0.44,0.999,0.776,-0.99,-0.43,-0.74,0.646,0.154,-0.98,0.119,0.993,-0.11,0.969,0.862,0.862,0.730,-0.38,-0.11,-0.96,0.633,0.993,-0.51,-0.99,-0.56,0.993,0.440,0.022,0.525,0.999,0.300,0.022,0.119,0.899,-0.16,0.742,0.300,-0.16,0.853,0.673,0.633,0.921,-0.73,0.673,-0.99,-0.90,-0.01,-0.12,-0.98,0,0,0,0,0,0,0,-0.82,0.119,-0.96
-0.30,-0.38,-0.81,-0.81,-0.44,-0.89,-0.51,-0.25,0.673,-0.95,-0.91,-0.66,0.154,-0.96,-0.84,0.300,-0.51,-0.85,-0.38,-0.92,0.982,0.455,0.686,0.730,-0.11,-0.73,-0.03,0.949,-0.98,0.569,-0.98,0.776,-0.85,-0.85,-0.68,0.510,0.510,0.510,-0.44,0.569,0.921,0.899,-0.90,0.988,0.988,-0.29,0.955,-0.91,0.993,-0.98,0.039,0.982,-0.99,-0.99,0.862,-0.98,-0.96,-0.99,-0.56,-0.56,0.440,-0.96,-0.85,-0.85,-0.99,-0.16,-0.64,0.853,0.985,-0.56,0.391,-0.95,0.119,-0.91,-0.91,0.119,-0.51,-0.11,-0.38,0.776,0.440,0.742,-0.12,0.914,-0.84,0,0,0,0,0,0,0,0,0.899,0.022,0
0.633,0.510,0.101,0.892,-0.92,-0.38,-0.73,0.440,0.633,0.440,-0.56,-0.82,0.555,0.765,-0.98,-0.91,0.633,-0.98,0.969,0.892,0.686,0.982,0.862,-0.38,0.633,0.391,-0.51,-0.30,0.171,0.171,0.633,0.440,0.633,0.440,-0.30,0.921,0.921,-0.85,0.949,0.949,0.633,0.742,0.914,0.988,-0.53,-0.01,0.266,0.964,0.633,0.510,0.862,-0.99,-0.97,0.619,0.862,0.949,0.633,-0.25,-0.95,-0.95,-0.56,0.921,0.949,0.249,0.633,0.899,0.119,-0.51,-0.73,0.824,-0.03,-0.73,0.633,0.985,-0.77,-0.95,0.993,0.949,0.569,0.249,0.633,-0.16,-0.12,0,0,0,0,0,0,0,0,0,0,0,0,0
-0.96,-0.44,-0.94,0.686,-0.78,-0.62,0.949,0.949,-0.38,-0.68,0.824,-0.56,-0.91,-0.64,0.964,-0.95,-0.73,0.999,0.862,-0.24,-0.24,0.101,-0.62,0.921,0.899,0.742,0.022,-0.25,0.985,0.673,0.119,0.119,0.119,0.853,0.119,-0.95,0.985,0.633,-0.03,-0.85,-0.51,0.964,-0.90,-0.96,-0.84,-0.39,-0.99,-0.95,-0.89,0.730,0.686,0.995,-0.97,-0.50,-0.92,0.776,0.993,-0.77,-0.82,0.022,-0.25,-0.73,0.776,0.949,-0.96,0.985,-0.51,-0.73,0.776,-0.38,0.569,0.949,-0.03,0.440,-0.25,-0.95,-0.51,-0.85,0.949,-0.89,-0.51,0,0,0,0,0,0,0,0,0,0,0,0,0,0,0.853
-0.03,-0.99,-0.24,-0.99,0.982,0.892,-0.92,-0.92,-0.81,-0.92,0.569,0.921,0.985,0.119,-0.25,-0.73,-0.38,0.730,-0.94,0.375,-0.94,-0.92,-0.38,0.440,-0.16,0.999,0.525,-0.16,-0.91,-0.16,-0.64,-0.43,0.999,0.555,-0.64,0.742,0.119,-0.56,0.993,0.633,-0.25,0.964,-0.39,0.955,0.999,-0.91,-0.25,-0.96,-0.38,-0.81,0.375,0.619,0.455,-0.24,0.730,-0.11,-0.56,0.899,0.964,-0.91,-0.95,0.993,0.921,0.921,0.633,-0.56,-0.51,-0.96,-0.68,-0.44,0.999,0,0,0,0,0,-0.51,-0.03,-0.11,-0.89,0.633,-0.95,0,0,0,0,0,0,0,0,0,0,0,-0.95,0.899,-0.77
0.949,-0.81,-0.99,-0.97,-0.97,0.995,-0.50,-0.24,-0.78,0.892,-0.99,-0.11,-0.30,0.993,-0.73,-0.68,-0.92,0.101,-0.78,-0.78,-0.92,0.510,0.824,0.673,-0.16,0.999,-0.39,-0.99,0.742,0.300,0.555,0.266,-0.12,0.955,-0.39,0.525,-0.91,-0.95,0.391,0.673,0.853,-0.91,0.964,-0.99,0.300,-0.95,-0.96,0.949,-0.44,-0.92,0.982,-0.50,0.686,-0.81,-0.44,-0.89,0.985,0,0,0,0,0,0,0,0,0,0,0,0,0,0,0,0,0,0,0.853,0.391,-0.96,0,0,0,0,0,0,0,0,0,0,0,0,0,0,-0.99,0.440,0.993,0.633
0.949,-0.81,-0.99,-0.97,-0.97,0.995,-0.50,-0.24,-0.78,0.892,-0.99,-0.11,-0.30,0.993,-0.73,-0.68,-0.92,0.101,-0.78,-0.78,-0.92,0.510,0.824,0.673,-0.16,0.999,-0.39,-0.99,0.742,0.300,0.555,0.266,-0.12,0.955,-0.39,0.525,-0.91,-0.95,0.391,0.673,0.853,-0.91,0.964,-0.99,0.300,-0.95,-0.96,0.949,-0.44,-0.92,0.982,-0.50,0.686,-0.81,-0.44,0,0,0,0,0,0,0,0,0,0,0,0,0,0,0,0,0,0,0,0,0,0,0,0,0,0,0,0,0,0,0,0,0,0,0,-0.73,0.633,-0.99,0.440,0.993,0.633
0.510,0.982,0.189,0.943,-0.98,-0.88,-0.97,0.982,-0.24,0.101,-0.62,0.949,-0.03,-0.85,-0.11,0.510,0.862,-0.78,0.892,0.317,-0.68,-0.89,-0.30,0.119,0.742,-0.43,0.999,-0.99,0.742,0.300,-0.98,0.765,-0.01,0.765,0.266,-0.39,0.964,0.022,0.899,-0.91,0.300,0.964,0.300,-0.16,0.853,-0.56,0.921,-0.98,0.510,-0.99,0.892,0.686,0.892,0.317,0,0,0,0,0,0,0,0,0,0,0,0,0,0,0,0,0,0,0,0,0,0,0,0,0,0,0,0,0,0,0,0,0,0,0.993,-0.73,-0.03,-0.03,0.824,-0.89,0.776,-0.89
0.969,-0.57,-0.86,0.998,-0.99,-0.98,-0.97,0.101,-0.81,0.730,0.999,-0.11,0.824,0.824,-0.03,-0.38,0.969,-0.18,0.317,0.776,0.993,-0.56,-0.25,0.853,-0.91,-0.16,-0.82,0.022,0.899,-0.82,0.555,-0.12,-0.84,0.765,-0.66,-0.39,-0.43,0.964,-0.64,0.555,-0.66,-0.39,0.300,-0.77,-0.56,-0.96,0.776,-0.38,0.249,0.249,-0.44,0.969,0,0,0,0,0,0,0,0,0,0,0,0,0,0,0,0,0,0,0,0,0,0,0,0,0,0,0,0,0,0,0,0,0,0,-0.77,-0.95,-0.51,-0.96,0.824,0.776,-0.68,0.999,0.510,-0.98
-0.18,0.982,0.814,0.584,0.494,-0.69,0.455,-0.62,-0.98,0.949,-0.03,-0.30,0.440,-0.51,0.993,-0.85,-0.68,-0.68,-0.89,0.440,0.119,-0.82,-0.91,0.119,0.985,0.391,0.440,0.993,0.440,-0.99,0.022,-0.43,0.555,0.555,0.525,-0.64,0.964,0.742,-0.99,0.555,-0.98,0.999,0.899,-0.30,-0.03,0.776,0.510,-0.99,0.249,-0.03,0,0,0,0,0,0,0,0,0,0,0,0,0,0,0,0,0,0,0,0,0,0,0,0,0,0,0,0,0,0,0,0,0,0,0,-0.73,-0.51,0.985,0.440,-0.96,0.171,-0.11,0.569,0.317,0.969,0.999
0.999,-0.92,-0.57,0.189,-0.04,-0.72,-0.78,-0.38,0.171,0.993,-0.99,-0.95,0.022,-0.91,0.119,0.993,-0.03,-0.85,-0.30,-0.95,-0.16,-0.64,-0.64,-0.77,-0.30,-0.03,-0.11,-0.11,-0.85,0.824,0.993,0.985,0.119,0.022,0.119,0.673,0.985,0.985,0.899,-0.91,-0.82,-0.77,0.993,-0.89,0.569,-0.99,-0.62,0.510,-0.85,0,0,0,0,0,0,0,0,0,0,0,0,0,0,0,0,0,0,0,0,0,0,0,0,0,0,0,0,0,0,0,0,0,0,0,-0.11,-0.85,-0.96,-0.99,-0.56,-0.51,0.440,0.921,-0.98,-0.44,0.569,0.949
0.633,-0.89,-0.44,0.862,0.686,-0.94,0.969,0.249,0.633,0.673,-0.77,-0.91,0.999,-0.98,0.300,-0.95,0.633,0.171,0.440,0.899,0.964,0.525,-0.43,0.022,0.633,-0.11,-0.68,0.249,0.949,-0.11,-0.89,0.824,0.633,-0.51,-0.73,-0.11,0.949,-0.11,-0.73,0.440,0.633,0.824,-0.11,0.249,-0.44,-0.62,0.510,0,0,0,0,0,0,0,0,0,0,0,0,0,0,0,0,0,0,0,0,0,0,0,0,0,0,0,0,0,0,0,0,0,0,0,0,0,0.921,-0.03,0.921,0.633,0.633,0.440,-0.51,-0.96,0.949,-0.68,-0.89,-0.30
-0.16,-0.56,-0.89,-0.99,0.039,-0.81,0.317,-0.98,0.171,0.391,0.119,-0.91,0.999,-0.98,-0.43,0.022,-0.25,0.985,-0.77,0.742,-0.99,-0.64,0.742,0.899,-0.51,-0.85,-0.98,-0.68,0.776,-0.11,-0.11,0.776,-0.89,-0.11,-0.38,0.730,0.039,0.969,-0.38,0.776,0.249,0.510,-0.44,-0.44,0.317,-0.99,0,0,0,0,0,0,0,0,0,0,0,0,0,0,0,0,0,0,0,0,0,0,0,0,0,0,0,0,0,0,0,0,0,0,0,0,0,-0.56,0.440,0.171,0.824,-0.03,-0.03,-0.73,-0.96,0.824,0.776,-0.85,0.440,-0.91
