dist/data/perlin16_3_4_direction.json
{"header": { "nx": 768, "ny": 309, "lo1": -179.13570434467, "lo2": 179.0245843447, "la1": 88.0588655908, "la2": -68.415854409191, "dx": 0.52728, "dy": 0.52728, "noData": -9, "forecastTime": 6, "refTime": "2013-11-30T18:00:00.000Z", "parameterCategory": 2, "parameterNumber": 3, "parameterNumberName": "V component" }, "data":
[rows 204 to 237 of 309, columns 231 to 307 of 768]
0.857,0.987,0.906,0.646,0.560,0.560,0.419,0.369,0.266,0.266,0.161,0.053,-0.05,-0.21,-0.37,-0.51,-0.64,-0.72,-0.64,-0.56,-0.46,-0.56,-0.76,-0.88,-0.92,-0.90,-0.88,-0.90,-0.76,-0.37,0.053,0.214,0.214,0.369,0.725,0.947,0.993,0.993,0.928,0.514,-0.10,-0.56,-0.85,-0.99,-0.82,-0.64,-0.79,-0.99,-0.92,-0.79,-0.72,-0.51,-0.26,-0.16,-0.05,0.318,0.686,0.856,0.906,0.963,0.993,0.999,0.999,0.986,0.976,0.976,0.963,0.906,0.725,0.514,0.318,0.107,-0.05,-0.16,-0.16,-0.10,0.0
0.828,0.976,0.928,0.725,0.686,0.646,0.604,0.646,0.604,0.419,0.214,0.053,-0.16,-0.46,-0.72,-0.79,-0.79,-0.79,-0.85,-0.88,-0.76,-0.64,-0.56,-0.51,-0.60,-0.64,-0.76,-0.85,-0.68,-0.21,0.161,0.266,0.318,0.514,0.906,0.999,0.994,0.993,0.882,0.560,0.053,-0.51,-0.94,-0.92,-0.79,-0.85,-0.98,-0.94,-0.82,-0.68,-0.56,-0.37,-0.26,-0.16,0.107,0.419,0.646,0.725,0.725,0.761,0.928,0.999,0.998,0.976,0.856,0.795,0.725,0.514,0.266,0.266,0.419,0.419,0.214,0.0,-0.16,-0.16,0.0
0.727,0.908,0.976,0.795,0.686,0.604,0.560,0.686,0.686,0.514,0.318,0.161,0.0,-0.41,-0.79,-0.90,-0.92,-0.94,-0.99,-0.99,-0.98,-0.88,-0.64,-0.37,-0.37,-0.46,-0.64,-0.72,-0.46,0.053,0.266,0.266,0.214,0.419,0.827,0.986,0.976,0.856,0.604,0.266,-0.21,-0.68,-0.99,-0.82,-0.82,-0.97,-0.97,-0.85,-0.79,-0.72,-0.56,-0.46,-0.41,-0.37,-0.16,0.107,0.266,0.266,0.214,0.318,0.646,0.947,0.976,0.882,0.686,0.604,0.467,0.107,-0.21,-0.10,0.318,0.604,0.604,0.419,0.214,0.161,0.369
0.727,0.908,0.976,0.761,0.560,0.419,0.419,0.604,0.646,0.560,0.369,0.214,0.053,-0.37,-0.76,-0.92,-0.99,-0.99,-0.97,-0.96,-0.99,-0.94,-0.79,-0.64,-0.56,-0.56,-0.60,-0.56,-0.21,0.318,0.419,0.214,-0.10,0.0,0.514,0.827,0.856,0.686,0.467,0.107,-0.31,-0.76,-0.99,-0.94,-0.96,-0.99,-0.88,-0.76,-0.64,-0.56,-0.41,-0.41,-0.56,-0.64,-0.60,-0.41,-0.26,-0.16,-0.10,0.053,0.369,0.646,0.686,0.560,0.419,0.369,0.214,-0.16,-0.37,-0.16,0.369,0.795,0.906,0.882,0.827,0.795,0.928
0.857,0.987,0.947,0.686,0.514,0.514,0.514,0.604,0.604,0.604,0.419,0.107,-0.26,-0.60,-0.76,-0.88,-0.99,-0.98,-0.96,-0.99,-0.97,-0.88,-0.85,-0.82,-0.72,-0.51,-0.37,-0.26,0.107,0.514,0.604,0.266,-0.10,-0.05,0.419,0.761,0.827,0.761,0.646,0.318,-0.10,-0.51,-0.76,-0.88,-0.90,-0.88,-0.79,-0.60,-0.37,-0.10,0.0,-0.16,-0.46,-0.68,-0.79,-0.72,-0.51,-0.26,0.0,0.266,0.369,0.318,0.161,0.053,0.0,-0.05,-0.26,-0.46,-0.41,-0.10,0.419,0.795,0.947,0.976,0.986,0.993,0.987
0.929,0.998,0.947,0.761,0.686,0.761,0.761,0.686,0.514,0.514,0.318,-0.21,-0.68,-0.85,-0.82,-0.82,-0.94,-0.99,-0.99,-0.94,-0.72,-0.64,-0.79,-0.82,-0.64,-0.21,0.053,0.107,0.266,0.560,0.686,0.514,0.266,0.318,0.686,0.827,0.856,0.856,0.795,0.560,0.161,-0.21,-0.26,-0.26,-0.41,-0.60,-0.68,-0.51,-0.10,0.266,0.369,0.266,-0.05,-0.37,-0.60,-0.64,-0.37,0.053,0.560,0.761,0.646,0.214,-0.16,-0.31,-0.37,-0.41,-0.60,-0.68,-0.46,-0.05,0.318,0.560,0.725,0.856,0.947,0.986,0.994
0.929,0.998,0.947,0.761,0.686,0.761,0.761,0.686,0.514,0.514,0.318,-0.21,-0.68,-0.85,-0.82,-0.82,-0.94,-0.99,-0.99,-0.94,-0.72,-0.64,-0.79,-0.82,-0.64,-0.21,0.053,0.107,0.266,0.560,0.686,0.514,0.266,0.318,0.686,0.827,0.856,0.856,0.795,0.560,0.161,-0.21,-0.26,-0.26,-0.41,-0.60,-0.68,-0.51,-0.10,0.266,0.369,0.266,-0.05,-0.37,-0.60,-0.64,-0.37,0.053,0.560,0.761,0.646,0.214,-0.16,-0.31,-0.37,-0.41,-0.60,-0.68,-0.46,-0.05,0.318,0.560,0.725,0.856,0.947,0.986,0.994
0.929,0.987,0.986,0.856,0.827,0.906,0.882,0.686,0.318,0.214,0.0,-0.56,-0.90,-0.97,-0.88,-0.79,-0.92,-0.99,-0.98,-0.79,-0.41,-0.31,-0.56,-0.64,-0.37,0.214,0.419,0.369,0.318,0.560,0.761,0.761,0.686,0.795,0.906,0.882,0.795,0.795,0.761,0.514,0.161,-0.16,0.0,0.161,0.053,-0.26,-0.51,-0.46,-0.10,0.214,0.369,0.467,0.369,0.107,-0.21,-0.31,0.0,0.514,0.882,0.963,0.761,0.161,-0.31,-0.41,-0.41,-0.41,-0.64,-0.76,-0.60,-0.26,0.0,0.107,0.161,0.369,0.646,0.795,0.928
0.908,0.908,0.976,0.986,0.928,0.928,0.827,0.467,-0.10,-0.37,-0.51,-0.79,-0.96,-0.99,-0.97,-0.96,-0.99,-0.98,-0.98,-0.68,-0.16,0.0,-0.26,-0.41,-0.16,0.266,0.369,0.214,0.161,0.369,0.686,0.795,0.856,0.928,0.947,0.882,0.725,0.646,0.560,0.266,-0.10,-0.26,0.0,0.369,0.419,0.214,-0.05,-0.16,-0.05,0.107,0.214,0.318,0.318,0.161,-0.05,-0.10,0.318,0.761,0.947,0.928,0.560,-0.10,-0.37,-0.31,-0.16,-0.10,-0.46,-0.72,-0.72,-0.51,-0.26,-0.16,-0.10,0.0,0.214,0.467,0.646
0.963,0.857,0.828,0.929,0.999,0.963,0.761,0.266,-0.31,-0.64,-0.79,-0.88,-0.96,-0.99,-0.97,-0.92,-0.92,-0.96,-0.94,-0.41,0.161,0.318,0.053,-0.16,-0.10,0.053,0.107,0.053,0.053,0.161,0.467,0.761,0.906,0.906,0.882,0.827,0.761,0.686,0.419,0.053,-0.16,-0.16,0.214,0.514,0.646,0.646,0.560,0.419,0.318,0.214,0.161,0.107,0.0,-0.10,-0.21,-0.10,0.369,0.795,0.882,0.725,0.161,-0.37,-0.37,-0.16,0.053,0.053,-0.31,-0.68,-0.72,-0.51,-0.16,0.053,0.0,-0.10,0.053,0.266,0.514
0.976,0.987,0.857,0.763,0.929,0.993,0.795,0.318,-0.10,-0.46,-0.68,-0.82,-0.96,-0.97,-0.76,-0.60,-0.79,-0.99,-0.79,-0.05,0.369,0.419,0.214,0.0,-0.05,-0.10,-0.10,0.053,0.107,0.161,0.419,0.725,0.906,0.856,0.725,0.725,0.761,0.686,0.266,-0.16,-0.21,0.053,0.369,0.604,0.646,0.725,0.795,0.761,0.604,0.369,0.161,-0.05,-0.26,-0.37,-0.37,-0.26,0.107,0.560,0.604,0.214,-0.31,-0.60,-0.37,-0.05,-0.05,-0.16,-0.51,-0.72,-0.64,-0.26,0.214,0.467,0.318,0.0,0.107,0.369,0.560
0.761,0.976,0.929,0.688,0.797,0.994,0.882,0.646,0.419,0.107,-0.31,-0.64,-0.94,-0.94,-0.56,-0.46,-0.82,-0.98,-0.56,0.107,0.318,0.214,0.107,0.107,0.107,0.107,0.107,0.266,0.369,0.369,0.514,0.795,0.906,0.827,0.604,0.560,0.560,0.419,-0.05,-0.37,-0.31,0.107,0.369,0.467,0.467,0.560,0.761,0.725,0.560,0.266,0.053,-0.16,-0.31,-0.31,-0.46,-0.51,-0.31,0.107,0.107,-0.26,-0.64,-0.68,-0.41,-0.16,-0.31,-0.56,-0.76,-0.79,-0.56,0.0,0.514,0.686,0.467,0.107,0.107,0.467,0.686
0.827,0.986,0.929,0.727,0.828,0.998,0.947,0.827,0.725,0.467,0.0,-0.51,-0.90,-0.98,-0.76,-0.64,-0.90,-0.96,-0.60,-0.16,-0.05,-0.10,0.0,0.266,0.467,0.560,0.560,0.646,0.646,0.560,0.604,0.725,0.795,0.686,0.419,0.214,0.053,-0.05,-0.37,-0.51,-0.41,-0.21,0.0,0.161,0.266,0.467,0.604,0.514,0.266,0.0,-0.05,-0.05,-0.10,-0.21,-0.46,-0.68,-0.60,-0.31,-0.21,-0.51,-0.79,-0.85,-0.64,-0.51,-0.64,-0.82,-0.92,-0.92,-0.60,0.0,0.419,0.560,0.266,-0.05,0.161,0.560,0.761
0.963,0.976,0.857,0.857,0.963,0.986,0.947,0.906,0.795,0.467,-0.16,-0.68,-0.92,-0.99,-0.96,-0.90,-0.96,-0.98,-0.76,-0.46,-0.31,-0.21,0.107,0.419,0.646,0.686,0.761,0.827,0.761,0.604,0.419,0.318,0.369,0.318,0.107,-0.16,-0.31,-0.37,-0.26,-0.26,-0.31,-0.37,-0.31,-0.05,0.266,0.560,0.604,0.419,0.161,0.0,0.107,0.161,0.053,-0.26,-0.64,-0.82,-0.76,-0.41,-0.31,-0.60,-0.88,-0.96,-0.85,-0.76,-0.82,-0.92,-0.98,-0.97,-0.72,-0.16,0.266,0.266,0.053,-0.05,0.369,0.761,0.856
0.999,0.884,0.828,0.948,0.998,0.947,0.947,0.928,0.725,0.214,-0.51,-0.90,-0.97,-0.96,-0.98,-0.99,-0.99,-0.98,-0.82,-0.60,-0.37,0.0,0.369,0.514,0.467,0.419,0.604,0.686,0.560,0.318,0.0,-0.21,-0.16,0.0,-0.10,-0.31,-0.41,-0.26,0.107,0.318,0.107,-0.37,-0.51,-0.26,0.266,0.646,0.560,0.369,0.318,0.369,0.514,0.514,0.161,-0.37,-0.79,-0.92,-0.82,-0.46,-0.37,-0.56,-0.85,-0.96,-0.90,-0.79,-0.79,-0.88,-0.98,-0.99,-0.85,-0.37,0.0,0.0,-0.05,0.107,0.646,0.882,0.827
0.999,0.884,0.828,0.948,0.998,0.947,0.947,0.928,0.725,0.214,-0.51,-0.90,-0.97,-0.96,-0.98,-0.99,-0.99,-0.98,-0.82,-0.60,-0.37,0.0,0.369,0.514,0.467,0.419,0.604,0.686,0.560,0.318,0.0,-0.21,-0.16,0.0,-0.10,-0.31,-0.41,-0.26,0.107,0.318,0.107,-0.37,-0.51,-0.26,0.266,0.646,0.560,0.369,0.318,0.369,0.514,0.514,0.161,-0.37,-0.79,-0.92,-0.82,-0.46,-0.37,-0.56,-0.85,-0.96,-0.90,-0.79,-0.79,-0.88,-0.98,-0.99,-0.85,-0.37,0.0,0.0,-0.05,0.107,0.646,0.882,0.827
0.986,0.963,0.948,0.994,0.976,0.906,0.928,0.906,0.604,0.0,-0.68,-0.98,-0.99,-0.96,-0.94,-0.96,-0.97,-0.88,-0.64,-0.41,-0.10,0.369,0.604,0.467,0.107,-0.10,0.107,0.318,0.161,-0.10,-0.41,-0.51,-0.26,0.053,-0.05,-0.21,-0.31,-0.05,0.514,0.725,0.419,-0.26,-0.56,-0.37,0.053,0.419,0.369,0.266,0.419,0.646,0.761,0.761,0.318,-0.31,-0.79,-0.94,-0.85,-0.56,-0.37,-0.41,-0.68,-0.82,-0.76,-0.60,-0.60,-0.76,-0.97,-0.99,-0.96,-0.60,-0.26,-0.21,-0.10,0.266,0.795,0.882,0.646
0.947,0.998,0.993,0.928,0.827,0.725,0.725,0.646,0.318,-0.10,-0.64,-0.94,-0.97,-0.92,-0.85,-0.79,-0.76,-0.56,-0.37,-0.21,0.0,0.369,0.604,0.419,0.053,-0.26,-0.16,-0.10,-0.26,-0.51,-0.60,-0.46,-0.10,0.161,0.053,-0.16,-0.16,0.0,0.514,0.761,0.646,0.107,-0.41,-0.56,-0.37,-0.10,-0.05,0.107,0.419,0.646,0.795,0.795,0.467,-0.05,-0.51,-0.79,-0.79,-0.68,-0.60,-0.51,-0.51,-0.51,-0.41,-0.37,-0.51,-0.72,-0.96,-0.98,-0.99,-0.92,-0.72,-0.56,-0.31,0.161,0.646,0.686,0.214
0.963,0.947,0.827,0.560,0.318,0.161,0.053,-0.05,-0.21,-0.37,-0.56,-0.79,-0.88,-0.82,-0.64,-0.46,-0.46,-0.41,-0.31,-0.21,0.0,0.266,0.514,0.467,0.214,-0.10,-0.26,-0.41,-0.56,-0.64,-0.56,-0.26,0.053,0.161,0.0,-0.05,0.0,0.107,0.419,0.686,0.725,0.419,-0.21,-0.64,-0.64,-0.41,-0.21,0.0,0.318,0.560,0.646,0.604,0.318,0.107,-0.05,-0.31,-0.56,-0.76,-0.82,-0.79,-0.64,-0.41,-0.37,-0.46,-0.68,-0.79,-0.96,-0.96,-0.88,-0.96,-0.99,-0.92,-0.72,-0.21,0.318,0.318,-0.21
0.976,0.856,0.514,0.053,-0.26,-0.37,-0.51,-0.64,-0.64,-0.46,-0.37,-0.56,-0.68,-0.68,-0.46,-0.26,-0.41,-0.56,-0.51,-0.31,0.053,0.369,0.560,0.604,0.467,0.107,-0.26,-0.51,-0.51,-0.41,-0.16,0.214,0.318,0.107,-0.05,0.053,0.214,0.214,0.266,0.514,0.646,0.419,-0.26,-0.68,-0.64,-0.31,-0.05,0.053,0.161,0.266,0.266,0.107,-0.10,-0.10,0.161,0.161,-0.21,-0.72,-0.97,-0.99,-0.94,-0.72,-0.68,-0.82,-0.96,-0.97,-0.99,-0.92,-0.72,-0.76,-0.90,-0.98,-0.96,-0.60,-0.05,0.107,-0.31
0.882,0.604,0.161,-0.26,-0.37,-0.37,-0.56,-0.68,-0.64,-0.31,-0.16,-0.37,-0.68,-0.72,-0.51,-0.31,-0.51,-0.72,-0.64,-0.26,0.318,0.646,0.761,0.761,0.514,0.053,-0.37,-0.41,-0.21,0.053,0.369,0.604,0.604,0.266,0.053,0.214,0.419,0.318,0.214,0.266,0.369,0.107,-0.46,-0.72,-0.56,-0.05,0.161,0.107,-0.05,0.0,-0.05,-0.37,-0.56,-0.51,-0.05,0.214,-0.10,-0.72,-0.99,-0.92,-0.97,-0.97,-0.96,-0.99,-0.96,-0.96,-0.96,-0.85,-0.68,-0.72,-0.85,-0.94,-0.99,-0.76,-0.16,0.107,-0.10
0.514,0.107,-0.31,-0.51,-0.41,-0.26,-0.31,-0.31,-0.16,0.161,0.161,-0.31,-0.76,-0.90,-0.76,-0.56,-0.51,-0.56,-0.41,0.053,0.560,0.827,0.827,0.686,0.318,-0.31,-0.64,-0.56,-0.16,0.214,0.514,0.686,0.646,0.369,0.266,0.467,0.604,0.467,0.161,-0.05,-0.21,-0.51,-0.85,-0.88,-0.60,-0.05,0.161,-0.05,-0.26,-0.26,-0.31,-0.64,-0.85,-0.85,-0.51,-0.21,-0.41,-0.85,-0.98,-0.79,-0.85,-0.97,-0.97,-0.90,-0.82,-0.85,-0.88,-0.82,-0.68,-0.72,-0.88,-0.97,-0.96,-0.56,0.053,0.369,0.107
0.266,-0.26,-0.60,-0.68,-0.51,-0.37,-0.21,0.053,0.369,0.560,0.369,-0.21,-0.72,-0.90,-0.88,-0.68,-0.41,-0.21,0.107,0.419,0.646,0.686,0.646,0.514,0.053,-0.51,-0.85,-0.82,-0.46,0.053,0.318,0.467,0.467,0.318,0.467,0.686,0.725,0.514,0.053,-0.41,-0.68,-0.88,-0.97,-0.96,-0.72,-0.16,0.053,-0.10,-0.41,-0.46,-0.46,-0.72,-0.92,-0.94,-0.79,-0.56,-0.64,-0.92,-0.98,-0.82,-0.82,-0.90,-0.88,-0.79,-0.76,-0.82,-0.90,-0.85,-0.72,-0.68,-0.85,-0.99,-0.85,-0.26,0.318,0.514,0.266
0.467,-0.21,-0.56,-0.64,-0.51,-0.37,-0.10,0.318,0.560,0.560,0.266,-0.10,-0.46,-0.68,-0.79,-0.72,-0.37,0.053,0.467,0.686,0.646,0.467,0.419,0.318,0.053,-0.46,-0.88,-0.94,-0.76,-0.26,0.053,0.161,0.161,0.214,0.560,0.795,0.725,0.369,-0.16,-0.60,-0.76,-0.85,-0.96,-0.96,-0.79,-0.31,0.0,-0.10,-0.31,-0.37,-0.37,-0.56,-0.76,-0.82,-0.68,-0.56,-0.60,-0.82,-0.97,-0.99,-0.98,-0.98,-0.94,-0.85,-0.85,-0.92,-0.98,-0.96,-0.85,-0.76,-0.85,-0.99,-0.82,-0.21,0.369,0.560,0.266
0.761,0.161,-0.26,-0.37,-0.16,0.0,0.214,0.467,0.560,0.369,0.053,-0.05,-0.05,-0.21,-0.51,-0.60,-0.37,0.053,0.514,0.761,0.686,0.467,0.369,0.318,0.107,-0.37,-0.85,-0.96,-0.82,-0.37,-0.10,0.0,0.053,0.266,0.686,0.856,0.686,0.161,-0.37,-0.60,-0.64,-0.64,-0.79,-0.88,-0.72,-0.26,0.107,0.053,-0.10,-0.10,0.0,-0.10,-0.31,-0.37,-0.21,-0.05,-0.10,-0.37,-0.64,-0.79,-0.85,-0.88,-0.97,-0.99,-0.97,-0.99,-0.97,-0.98,-0.99,-0.96,-0.97,-0.99,-0.85,-0.37,0.266,0.514,0.318
0.761,0.161,-0.26,-0.37,-0.16,0.0,0.214,0.467,0.560,0.369,0.053,-0.05,-0.05,-0.21,-0.51,-0.60,-0.37,0.053,0.514,0.761,0.686,0.467,0.369,0.318,0.107,-0.37,-0.85,-0.96,-0.82,-0.37,-0.10,0.0,0.053,0.266,0.686,0.856,0.686,0.161,-0.37,-0.60,-0.64,-0.64,-0.79,-0.88,-0.72,-0.26,0.107,0.053,-0.10,-0.10,0.0,-0.10,-0.31,-0.37,-0.21,-0.05,-0.10,-0.37,-0.64,-0.79,-0.85,-0.88,-0.97,-0.99,-0.97,-0.99,-0.97,-0.98,-0.99,-0.96,-0.97,-0.99,-0.85,-0.37,0.266,0.514,0.318
0.882,0.369,0.107,0.214,0.419,0.560,0.560,0.514,0.318,0.053,-0.10,0.107,0.318,0.318,0.0,-0.26,-0.26,-0.05,0.369,0.686,0.761,0.560,0.419,0.369,0.214,-0.21,-0.72,-0.88,-0.68,-0.16,0.107,0.161,0.107,0.266,0.646,0.827,0.646,0.107,-0.37,-0.60,-0.56,-0.51,-0.64,-0.68,-0.46,-0.05,0.318,0.419,0.369,0.318,0.318,0.214,0.107,0.161,0.419,0.604,0.604,0.419,0.053,-0.16,-0.26,-0.31,-0.60,-0.85,-0.94,-0.90,-0.79,-0.82,-0.94,-0.98,-0.98,-0.94,-0.72,-0.21,0.369,0.646,0.560
0.906,0.604,0.604,0.761,0.827,0.761,0.560,0.214,0.0,-0.16,-0.10,0.266,0.514,0.514,0.318,0.107,0.0,0.0,0.214,0.514,0.646,0.467,0.266,0.318,0.266,-0.10,-0.60,-0.79,-0.56,-0.10,0.161,0.214,0.053,0.0,0.369,0.604,0.604,0.214,-0.26,-0.56,-0.60,-0.56,-0.51,-0.31,-0.05,0.214,0.467,0.646,0.725,0.646,0.419,0.161,0.161,0.369,0.686,0.882,0.906,0.795,0.514,0.266,0.107,0.053,-0.16,-0.51,-0.72,-0.68,-0.64,-0.76,-0.92,-0.97,-0.94,-0.82,-0.41,0.107,0.560,0.725,0.686
0.947,0.795,0.928,0.986,0.963,0.761,0.318,-0.10,-0.16,-0.10,0.053,0.318,0.369,0.214,0.161,0.266,0.318,0.161,0.107,0.318,0.419,0.214,0.053,0.161,0.214,0.0,-0.56,-0.82,-0.68,-0.37,-0.05,0.053,-0.10,-0.31,-0.10,0.318,0.514,0.369,-0.10,-0.41,-0.46,-0.46,-0.26,0.161,0.419,0.467,0.514,0.686,0.795,0.686,0.214,-0.21,-0.10,0.266,0.686,0.856,0.827,0.646,0.369,0.0,-0.16,-0.16,-0.26,-0.51,-0.72,-0.72,-0.72,-0.82,-0.96,-0.98,-0.94,-0.72,-0.21,0.318,0.604,0.646,0.560
0.993,0.976,0.998,0.976,0.993,0.725,0.214,-0.21,-0.10,0.107,0.214,0.214,-0.05,-0.37,-0.26,0.107,0.318,0.214,0.053,0.161,0.266,0.107,0.0,0.161,0.266,0.107,-0.56,-0.85,-0.85,-0.68,-0.37,-0.10,-0.21,-0.41,-0.26,0.161,0.467,0.419,0.107,-0.05,0.0,0.107,0.318,0.646,0.761,0.646,0.560,0.686,0.725,0.514,-0.10,-0.51,-0.37,0.161,0.514,0.604,0.419,0.107,-0.26,-0.56,-0.68,-0.68,-0.72,-0.82,-0.94,-0.96,-0.92,-0.94,-0.96,-0.97,-0.92,-0.76,-0.41,0.107,0.318,0.266,0.214
0.998,0.998,0.998,0.998,0.947,0.646,0.214,0.0,0.161,0.369,0.318,0.053,-0.51,-0.85,-0.79,-0.46,-0.10,-0.10,-0.10,0.161,0.419,0.419,0.318,0.369,0.419,0.266,-0.37,-0.82,-0.92,-0.90,-0.64,-0.26,-0.16,-0.26,-0.10,0.266,0.604,0.686,0.560,0.604,0.795,0.882,0.928,0.947,0.882,0.686,0.560,0.646,0.686,0.514,-0.05,-0.37,-0.31,0.0,0.266,0.266,0.0,-0.31,-0.68,-0.88,-0.94,-0.90,-0.92,-0.97,-0.99,-0.99,-0.99,-0.99,-0.97,-0.92,-0.88,-0.82,-0.68,-0.37,-0.16,-0.21,-0.31
0.998,0.963,0.906,0.827,0.686,0.514,0.318,0.266,0.467,0.560,0.419,-0.05,-0.72,-0.98,-0.98,-0.90,-0.64,-0.41,-0.16,0.266,0.604,0.686,0.604,0.514,0.467,0.419,0.0,-0.64,-0.92,-0.97,-0.82,-0.41,-0.10,-0.16,-0.05,0.318,0.761,0.928,0.928,0.963,0.999,0.987,0.976,0.998,0.906,0.646,0.560,0.604,0.646,0.560,0.266,0.0,-0.16,-0.26,-0.21,-0.16,-0.21,-0.41,-0.79,-0.96,-0.98,-0.96,-0.94,-0.96,-0.99,-0.97,-0.96,-0.97,-0.99,-0.92,-0.85,-0.85,-0.79,-0.56,-0.31,-0.41,-0.60
0.963,0.827,0.560,0.369,0.419,0.514,0.514,0.514,0.514,0.514,0.369,-0.05,-0.68,-0.94,-0.99,-0.98,-0.82,-0.41,0.0,0.419,0.604,0.686,0.604,0.419,0.369,0.467,0.318,-0.26,-0.76,-0.92,-0.76,-0.37,-0.21,-0.26,-0.16,0.214,0.761,0.976,0.993,0.998,0.998,0.976,0.948,0.987,0.963,0.795,0.686,0.604,0.604,0.514,0.467,0.266,-0.10,-0.51,-0.60,-0.46,-0.26,-0.37,-0.79,-0.97,-0.99,-0.96,-0.90,-0.92,-0.99,-0.97,-0.90,-0.85,-0.94,-0.97,-0.85,-0.82,-0.79,-0.60,-0.26,-0.26,-0.46
0.882,0.725,0.318,0.214,0.467,0.725,0.761,0.604,0.369,0.214,0.161,0.0,-0.41,-0.72,-0.90,-0.94,-0.76,-0.21,0.266,0.514,0.514,0.514,0.419,0.214,0.161,0.369,0.369,0.053,-0.41,-0.64,-0.46,-0.26,-0.26,-0.37,-0.37,0.0,0.604,0.928,0.963,0.963,0.963,0.993,0.987,0.987,0.999,0.963,0.827,0.604,0.369,0.214,0.266,0.214,-0.16,-0.68,-0.82,-0.68,-0.46,-0.46,-0.82,-0.99,-0.99,-0.96,-0.92,-0.94,-0.99,-0.92,-0.82,-0.76,-0.92,-0.97,-0.82,-0.79,-0.82,-0.68,-0.26,-0.05,-0.16
