dist/data/perlin16_3_4_direction.json
{"header": { "nx": 768, "ny": 309, "lo1": -178.86570434467, "lo2": 179.0245843447, "la1": 87.7988655908, "la2": -68.415854409191, "dx": 0.52728, "dy": 0.52728, "noData": -9, "refTime": "2013-11-30T18:00:00.000Z", "forecastTime": 6, "parameterCategory": 2, "parameterNumber": 2, "parameterNumberName": "U component" }, "data":
[rows 0 to 33 of 309, columns 0 to 76 of 768]
0.994,0.994,0.883,0.762,0.726,0.726,0.687,0.687,0.856,1.0,0.963,0.994,0.928,0.604,0.420,0.762,0.994,0.857,0.828,0.857,0.726,0.320,0.055,0.268,0.561,0.762,0.762,0.421,-0.05,0.000,0.561,0.947,0.994,0.994,0.856,0.646,0.726,0.907,0.976,1.0,0.929,0.605,0.216,0.109,0.216,0.163,0.268,0.647,0.994,0.795,0.515,0.515,0.468,0.319,0.214,0.267,0.370,0.370,0.468,0.604,0.795,0.928,0.976,0.998,0.994,0.929,0.828,0.883,0.976,1.0,0.998,0.796,0.320,-0.26,-0.68,-0.60,-0.10
0.605,0.762,0.994,0.928,0.827,0.795,0.762,0.827,0.947,0.994,0.976,0.998,0.907,0.604,0.319,0.561,0.947,0.976,0.907,0.857,0.762,0.469,0.268,0.421,0.726,0.883,0.929,0.726,0.320,0.320,0.726,0.976,1.0,0.994,0.907,0.687,0.726,0.928,0.998,0.907,0.647,0.216,-0.21,-0.36,-0.36,-0.31,-0.05,0.605,0.998,0.762,0.420,0.319,0.267,0.000,-0.16,-0.26,-0.31,-0.21,0.214,0.687,0.947,0.994,0.986,0.976,0.976,1.0,0.976,0.963,0.986,0.998,0.963,0.726,0.268,-0.21,-0.60,-0.60,-0.31
0.605,0.762,0.994,0.928,0.827,0.795,0.762,0.827,0.947,0.994,0.976,0.998,0.907,0.604,0.319,0.561,0.947,0.976,0.907,0.857,0.762,0.469,0.268,0.421,0.726,0.883,0.929,0.726,0.320,0.320,0.726,0.976,1.0,0.994,0.907,0.687,0.726,0.928,0.998,0.907,0.647,0.216,-0.21,-0.36,-0.36,-0.31,-0.05,0.605,0.998,0.762,0.420,0.319,0.267,0.000,-0.16,-0.26,-0.31,-0.21,0.214,0.687,0.947,0.994,0.986,0.976,0.976,1.0,0.976,0.963,0.986,0.998,0.963,0.726,0.268,-0.21,-0.60,-0.60,-0.31
0.055,0.216,0.726,0.986,0.976,0.928,0.827,0.795,0.907,0.986,0.986,0.907,0.795,0.646,0.468,0.515,0.856,1.0,0.883,0.762,0.688,0.516,0.469,0.688,0.907,0.998,0.998,0.963,0.726,0.726,0.907,0.998,1.0,0.998,0.998,0.928,0.883,0.986,0.947,0.688,0.370,0.163,-0.10,-0.41,-0.55,-0.51,-0.16,0.688,0.986,0.687,0.420,0.370,0.267,0.054,-0.21,-0.46,-0.72,-0.68,-0.16,0.646,0.976,0.998,0.994,1.0,0.994,0.994,0.994,1.0,0.986,0.929,0.762,0.561,0.469,0.268,-0.10,-0.31,-0.31
-0.10,-0.10,0.370,0.828,0.976,0.998,0.907,0.795,0.856,0.928,0.856,0.762,0.795,0.827,0.827,0.827,0.947,0.963,0.762,0.605,0.605,0.647,0.688,0.857,0.986,0.976,0.928,0.994,0.929,0.929,0.986,0.998,1.0,0.963,0.947,0.998,0.963,0.994,0.929,0.688,0.469,0.516,0.421,0.055,-0.26,-0.36,0.000,0.762,0.976,0.687,0.420,0.420,0.319,0.161,0.000,-0.31,-0.68,-0.76,-0.46,0.319,0.856,0.994,0.994,0.986,0.994,0.994,0.963,0.986,0.976,0.726,0.421,0.421,0.647,0.726,0.647,0.320,0.055
-0.16,-0.21,0.268,0.762,0.947,0.994,0.976,0.928,0.963,0.976,0.907,0.827,0.907,0.986,0.998,1.0,0.963,0.762,0.561,0.561,0.726,0.762,0.762,0.857,0.986,0.947,0.883,0.976,0.976,0.976,1.0,0.986,1.0,0.929,0.883,0.986,0.963,0.976,0.976,0.828,0.688,0.796,0.796,0.561,0.216,0.000,0.163,0.762,0.994,0.762,0.468,0.319,0.214,0.161,0.161,0.000,-0.41,-0.68,-0.60,-0.10,0.515,0.856,0.994,0.998,0.998,0.976,0.928,0.986,0.907,0.469,0.055,0.216,0.647,0.883,0.947,0.857,0.647
-0.36,-0.31,0.163,0.726,0.907,0.929,0.947,0.947,0.883,0.929,1.0,0.963,0.976,0.986,0.883,0.796,0.605,0.421,0.516,0.726,0.883,0.857,0.762,0.857,0.986,0.947,0.827,0.928,0.998,0.994,1.0,0.994,0.998,0.907,0.883,0.986,0.947,0.963,0.994,0.883,0.762,0.857,0.883,0.796,0.605,0.469,0.469,0.762,1.0,0.827,0.515,0.370,0.214,0.214,0.370,0.267,-0.05,-0.46,-0.60,-0.36,0.161,0.604,0.883,0.986,0.994,0.963,0.963,1.0,0.883,0.469,0.109,0.216,0.516,0.828,0.963,0.947,0.857
-0.36,-0.26,0.163,0.605,0.762,0.688,0.561,0.469,0.421,0.688,0.976,0.994,0.998,0.907,0.605,0.370,0.216,0.268,0.561,0.796,0.857,0.726,0.647,0.762,0.976,0.928,0.762,0.827,0.976,0.998,1.0,0.998,0.976,0.857,0.828,0.963,0.986,0.976,0.994,0.883,0.796,0.828,0.857,0.828,0.828,0.762,0.726,0.857,0.998,0.883,0.687,0.646,0.604,0.646,0.726,0.646,0.319,-0.16,-0.41,-0.26,0.054,0.468,0.795,0.963,0.998,0.998,0.994,0.976,0.907,0.726,0.561,0.469,0.469,0.688,0.883,0.929,0.857
0.000,0.109,0.370,0.561,0.605,0.370,0.163,0.163,0.268,0.647,0.947,1.0,0.986,0.796,0.469,0.268,0.320,0.469,0.647,0.605,0.469,0.216,0.163,0.516,0.907,0.976,0.762,0.762,0.907,0.976,1.0,0.998,0.986,0.929,0.883,0.947,0.998,0.986,0.998,0.929,0.828,0.796,0.726,0.647,0.726,0.762,0.762,0.828,0.986,0.947,0.883,0.907,0.928,0.947,0.963,0.907,0.646,0.267,0.108,0.267,0.561,0.726,0.827,0.963,0.998,0.947,0.857,0.883,0.883,0.857,0.857,0.762,0.561,0.605,0.796,0.883,0.796
0.605,0.688,0.762,0.762,0.647,0.370,0.109,0.109,0.268,0.647,0.907,0.929,0.857,0.605,0.370,0.421,0.561,0.647,0.647,0.320,-0.10,-0.41,-0.41,0.055,0.647,0.986,0.907,0.856,0.947,0.994,0.998,0.994,0.986,0.998,0.963,0.986,0.986,0.963,0.994,0.986,0.929,0.828,0.561,0.268,0.320,0.469,0.516,0.647,0.883,0.998,0.963,0.976,0.986,0.994,0.998,0.994,0.883,0.646,0.646,0.856,0.976,0.947,0.907,0.907,0.986,0.963,0.828,0.762,0.796,0.883,0.947,0.883,0.688,0.647,0.796,0.907,0.796
0.929,0.976,0.994,0.976,0.857,0.516,0.216,0.163,0.268,0.516,0.647,0.561,0.370,0.216,0.268,0.561,0.762,0.688,0.469,-0.05,-0.41,-0.60,-0.64,-0.36,0.109,0.688,0.994,0.976,0.976,0.986,0.963,0.883,0.856,0.976,0.998,0.998,0.963,0.856,0.883,0.963,0.998,0.929,0.516,-0.05,-0.16,-0.05,0.000,0.163,0.469,0.828,0.994,0.986,0.947,0.986,0.986,0.963,0.994,0.986,0.994,0.976,0.883,0.976,0.976,0.827,0.795,0.947,0.986,0.929,0.883,0.947,0.986,0.963,0.828,0.828,0.947,0.998,0.963
0.929,0.976,0.994,0.976,0.857,0.516,0.216,0.163,0.268,0.516,0.647,0.561,0.370,0.216,0.268,0.561,0.762,0.688,0.469,-0.05,-0.41,-0.60,-0.64,-0.36,0.109,0.688,0.994,0.976,0.976,0.986,0.963,0.883,0.856,0.976,0.998,0.998,0.963,0.856,0.883,0.963,0.998,0.929,0.516,-0.05,-0.16,-0.05,0.000,0.163,0.469,0.828,0.994,0.986,0.947,0.986,0.986,0.963,0.994,0.986,0.994,0.976,0.883,0.976,0.976,0.827,0.795,0.947,0.986,0.929,0.883,0.947,0.986,0.963,0.828,0.828,0.947,0.998,0.963
0.986,0.994,0.963,1.0,0.857,0.469,0.163,0.055,0.055,0.109,0.216,0.109,-0.05,0.000,0.320,0.726,0.796,0.516,0.000,-0.41,-0.51,-0.51,-0.46,-0.41,-0.26,0.216,0.857,0.998,0.947,0.907,0.795,0.726,0.795,0.986,0.986,0.994,0.963,0.762,0.646,0.762,0.947,0.963,0.469,-0.10,-0.31,-0.31,-0.31,-0.21,-0.05,0.320,0.726,0.976,0.986,0.986,0.986,0.828,0.796,0.857,0.796,0.647,0.516,0.688,0.976,0.907,0.646,0.726,0.883,0.986,1.0,0.994,0.963,0.986,0.986,0.963,1.0,0.976,0.998
0.947,0.994,0.976,0.976,0.561,0.055,-0.26,-0.41,-0.51,-0.46,-0.26,-0.10,-0.10,0.055,0.421,0.688,0.647,0.055,-0.46,-0.64,-0.46,-0.16,0.055,0.000,-0.16,0.109,0.688,0.998,0.928,0.827,0.646,0.687,0.856,0.998,0.907,0.963,0.976,0.762,0.515,0.646,0.947,0.963,0.605,0.268,0.109,0.000,-0.05,-0.05,-0.05,0.055,0.268,0.688,0.976,1.0,0.986,0.857,0.647,0.647,0.605,0.516,0.469,0.516,0.796,1.0,0.827,0.646,0.687,0.856,0.928,0.856,0.762,0.827,0.976,0.998,0.986,0.976,0.986
0.907,1.0,1.0,0.828,0.109,-0.46,-0.68,-0.79,-0.88,-0.82,-0.46,0.000,0.163,0.268,0.469,0.605,0.421,-0.26,-0.72,-0.72,-0.36,0.109,0.516,0.469,0.268,0.320,0.688,0.976,0.986,0.883,0.726,0.726,0.907,0.976,0.857,0.947,0.976,0.762,0.515,0.726,0.986,0.947,0.828,0.828,0.796,0.647,0.561,0.469,0.370,0.216,0.163,0.421,0.828,0.994,0.998,0.963,0.828,0.796,0.762,0.688,0.647,0.561,0.605,0.883,0.986,0.827,0.762,0.856,0.907,0.795,0.604,0.646,0.856,0.963,0.986,1.0,0.883
0.828,0.963,0.929,0.561,-0.10,-0.60,-0.82,-0.92,-0.96,-0.88,-0.41,0.109,0.320,0.370,0.421,0.421,0.163,-0.41,-0.76,-0.72,-0.41,0.109,0.516,0.647,0.605,0.647,0.796,0.929,0.963,0.998,0.856,0.726,0.883,0.998,0.963,0.998,0.947,0.795,0.762,0.947,0.986,0.929,0.976,0.994,0.986,0.994,0.907,0.762,0.647,0.561,0.469,0.561,0.828,0.986,0.994,0.994,1.0,0.986,0.947,0.857,0.762,0.561,0.421,0.688,0.976,0.963,0.907,0.947,0.963,0.795,0.468,0.420,0.646,0.856,0.963,0.994,0.796
0.726,0.796,0.688,0.370,-0.05,-0.41,-0.72,-0.90,-0.90,-0.68,-0.16,0.268,0.421,0.469,0.421,0.370,0.163,-0.26,-0.60,-0.60,-0.31,0.109,0.469,0.688,0.796,0.907,0.976,0.963,0.929,0.986,0.947,0.795,0.883,0.998,0.998,0.994,0.947,0.963,0.994,0.976,0.883,0.929,0.986,0.795,0.726,0.947,0.986,0.857,0.762,0.796,0.828,0.883,0.929,0.976,0.998,0.947,0.928,0.963,0.998,0.929,0.726,0.370,0.163,0.469,0.929,0.994,0.963,0.963,0.928,0.646,0.214,0.161,0.468,0.687,0.907,0.998,0.828
0.828,0.796,0.605,0.421,0.320,0.163,-0.26,-0.55,-0.51,0.000,0.469,0.647,0.688,0.762,0.762,0.726,0.647,0.320,-0.05,-0.10,0.163,0.370,0.561,0.726,0.907,0.994,0.928,0.963,1.0,1.0,0.963,0.907,0.976,0.998,0.998,1.0,0.998,0.947,0.883,0.883,0.883,0.976,0.947,0.762,0.762,0.963,0.976,0.883,0.883,0.976,0.998,0.994,1.0,0.986,0.986,0.994,0.963,0.976,0.998,0.883,0.516,0.109,-0.05,0.421,0.963,0.976,0.947,0.947,0.856,0.468,0.108,0.161,0.515,0.687,0.795,0.947,0.963
0.994,0.963,0.828,0.688,0.688,0.647,0.320,0.055,0.163,0.688,0.947,0.976,0.986,0.994,0.998,0.998,0.994,0.907,0.647,0.469,0.647,0.762,0.796,0.883,0.994,0.827,0.561,0.646,0.883,0.947,0.947,0.976,0.994,0.947,0.947,0.947,0.857,0.688,0.726,0.907,0.976,1.0,0.963,0.907,0.963,1.0,0.976,0.976,0.994,0.963,0.827,0.827,0.947,0.994,0.947,0.976,0.998,0.998,0.986,0.828,0.370,-0.05,-0.10,0.516,0.994,0.928,0.907,0.928,0.827,0.468,0.267,0.468,0.762,0.827,0.827,0.883,1.0
0.947,0.998,0.929,0.796,0.828,0.828,0.688,0.605,0.762,0.994,0.907,0.827,0.795,0.762,0.762,0.827,0.883,0.994,0.963,0.929,0.963,0.994,0.998,0.994,0.907,0.515,0.161,0.214,0.515,0.726,0.856,0.976,0.994,0.947,0.929,0.907,0.828,0.726,0.796,0.963,1.0,0.994,0.976,0.998,0.976,0.929,0.947,0.998,0.986,0.928,0.795,0.827,0.963,0.994,0.947,0.947,0.947,0.947,0.907,0.726,0.320,0.055,0.216,0.828,0.963,0.795,0.856,0.928,0.928,0.762,0.726,0.883,0.986,0.994,0.963,0.963,1.0
0.928,1.0,0.907,0.828,0.907,0.947,0.929,0.929,0.994,0.856,0.561,0.370,0.370,0.319,0.370,0.604,0.795,0.928,0.976,0.976,0.963,0.947,0.883,0.726,0.561,0.370,0.161,0.108,0.214,0.468,0.726,0.928,0.986,0.998,0.976,0.963,0.947,0.929,0.929,0.986,0.998,0.963,0.976,0.994,0.857,0.762,0.828,0.947,0.994,0.998,0.963,0.963,0.994,0.994,0.986,0.986,0.929,0.796,0.726,0.561,0.320,0.320,0.726,1.0,0.795,0.687,0.726,0.856,0.928,0.947,0.976,0.998,0.994,0.994,1.0,0.998,1.0
0.928,1.0,0.907,0.828,0.907,0.947,0.929,0.929,0.994,0.856,0.561,0.370,0.370,0.319,0.370,0.604,0.795,0.928,0.976,0.976,0.963,0.947,0.883,0.726,0.561,0.370,0.161,0.108,0.214,0.468,0.726,0.928,0.986,0.998,0.976,0.963,0.947,0.929,0.929,0.986,0.998,0.963,0.976,0.994,0.857,0.762,0.828,0.947,0.994,0.998,0.963,0.963,0.994,0.994,0.986,0.986,0.929,0.796,0.726,0.561,0.320,0.320,0.726,1.0,0.795,0.687,0.726,0.856,0.928,0.947,0.976,0.998,0.994,0.994,1.0,0.998,1.0
0.976,0.986,0.857,0.883,0.976,0.994,0.986,0.986,0.986,0.762,0.515,0.468,0.515,0.420,0.420,0.604,0.856,0.928,0.907,0.856,0.856,0.883,0.726,0.468,0.370,0.515,0.515,0.420,0.370,0.515,0.762,0.907,0.947,0.976,1.0,0.998,0.994,0.998,0.994,0.986,1.0,0.947,0.907,1.0,0.857,0.726,0.726,0.828,0.883,0.947,0.994,0.994,0.998,0.998,0.986,0.994,0.947,0.726,0.605,0.605,0.561,0.688,0.963,0.907,0.726,0.687,0.646,0.687,0.856,0.963,0.994,0.994,0.976,0.986,0.994,0.986,0.976
0.963,0.986,0.907,0.947,0.998,0.994,0.998,0.976,0.998,0.856,0.726,0.762,0.856,0.762,0.604,0.687,0.856,0.907,0.856,0.762,0.827,0.856,0.687,0.468,0.420,0.687,0.827,0.795,0.726,0.795,0.907,0.976,0.976,0.963,0.994,0.986,0.928,0.928,0.994,0.998,0.998,0.883,0.827,0.976,0.929,0.762,0.726,0.796,0.828,0.907,0.994,0.976,0.963,0.947,0.928,0.976,0.929,0.647,0.605,0.762,0.828,0.907,0.998,0.883,0.856,0.827,0.687,0.561,0.687,0.907,0.928,0.827,0.687,0.762,0.856,0.856,0.762
0.963,1.0,0.986,1.0,0.963,0.976,1.0,0.986,0.994,0.856,0.795,0.883,0.947,0.883,0.726,0.604,0.646,0.687,0.646,0.604,0.646,0.687,0.561,0.420,0.515,0.795,0.947,0.963,0.963,0.976,0.994,0.994,0.976,0.947,0.928,0.856,0.726,0.762,0.907,0.976,0.976,0.907,0.883,0.994,0.883,0.605,0.516,0.647,0.796,0.907,1.0,0.963,0.947,0.947,0.947,0.994,0.929,0.688,0.647,0.796,0.883,0.947,0.998,0.986,0.986,0.976,0.856,0.646,0.646,0.726,0.646,0.370,0.161,0.267,0.319,0.319,0.214
0.998,0.998,0.986,0.963,0.963,0.998,0.994,0.998,0.976,0.856,0.762,0.856,0.928,0.928,0.795,0.561,0.420,0.370,0.370,0.370,0.420,0.370,0.267,0.370,0.604,0.856,0.963,0.986,1.0,0.998,0.994,0.947,0.883,0.795,0.646,0.420,0.319,0.515,0.726,0.907,0.976,0.986,0.998,0.963,0.688,0.268,0.109,0.268,0.561,0.828,0.994,0.986,0.994,0.998,1.0,0.998,0.947,0.762,0.605,0.647,0.796,0.883,0.929,0.963,0.986,1.0,0.963,0.856,0.726,0.561,0.370,0.108,-0.10,-0.10,-0.05,-0.05,-0.16
0.998,0.976,0.907,0.928,0.998,0.947,0.907,0.986,0.986,0.907,0.827,0.827,0.907,0.947,0.928,0.762,0.468,0.319,0.319,0.370,0.370,0.214,0.161,0.420,0.726,0.883,0.928,0.947,0.994,1.0,0.947,0.762,0.604,0.515,0.214,-0.05,0.054,0.319,0.604,0.827,0.986,0.986,0.929,0.828,0.516,0.000,-0.21,0.000,0.370,0.796,0.986,0.998,0.998,0.963,0.929,0.929,0.883,0.688,0.469,0.421,0.605,0.796,0.828,0.883,0.963,0.994,1.0,0.986,0.883,0.604,0.468,0.370,0.267,0.108,0.108,0.161,0.054
0.976,0.883,0.795,0.928,0.986,0.796,0.726,0.857,0.976,0.994,0.947,0.907,0.947,0.994,0.994,0.928,0.687,0.515,0.561,0.646,0.646,0.468,0.370,0.604,0.907,0.947,0.928,0.907,0.963,0.976,0.883,0.646,0.515,0.420,0.161,0.000,0.214,0.515,0.687,0.856,0.998,0.929,0.857,0.796,0.561,0.109,-0.10,0.163,0.605,0.947,0.986,0.963,0.994,0.963,0.828,0.688,0.647,0.469,0.320,0.370,0.647,0.796,0.828,0.857,0.947,0.986,0.976,0.986,0.976,0.795,0.762,0.795,0.795,0.687,0.646,0.687,0.604
0.907,0.856,0.883,0.994,0.929,0.688,0.516,0.561,0.688,0.828,0.947,0.994,0.998,0.998,0.994,0.907,0.687,0.604,0.646,0.726,0.795,0.726,0.687,0.883,0.998,1.0,0.976,0.883,0.883,0.947,0.928,0.883,0.856,0.795,0.687,0.604,0.795,0.907,0.907,0.947,0.994,0.883,0.857,0.883,0.762,0.469,0.516,0.828,0.994,0.947,0.827,0.883,0.976,0.986,0.796,0.561,0.370,0.268,0.268,0.469,0.726,0.828,0.828,0.828,0.907,0.947,0.929,0.947,0.994,0.928,0.963,1.0,0.994,1.0,0.998,0.994,0.947
0.947,0.986,0.994,0.907,0.796,0.647,0.561,0.421,0.370,0.421,0.561,0.828,0.963,0.986,0.827,0.604,0.468,0.515,0.561,0.604,0.687,0.762,0.827,0.976,0.976,0.963,1.0,0.907,0.856,0.947,0.994,1.0,0.998,0.986,0.963,0.947,0.986,0.998,0.986,0.994,0.947,0.796,0.828,0.907,0.857,0.726,0.857,1.0,0.856,0.726,0.762,0.928,0.998,0.963,0.857,0.605,0.268,0.109,0.268,0.516,0.688,0.762,0.796,0.828,0.857,0.828,0.796,0.907,1.0,0.976,0.998,0.883,0.726,0.726,0.796,0.907,1.0
0.947,0.986,0.994,0.907,0.796,0.647,0.561,0.421,0.370,0.421,0.561,0.828,0.963,0.986,0.827,0.604,0.468,0.515,0.561,0.604,0.687,0.762,0.827,0.976,0.976,0.963,1.0,0.907,0.856,0.947,0.994,1.0,0.998,0.986,0.963,0.947,0.986,0.998,0.986,0.994,0.947,0.796,0.828,0.907,0.857,0.726,0.857,1.0,0.856,0.726,0.762,0.928,0.998,0.963,0.857,0.605,0.268,0.109,0.268,0.516,0.688,0.762,0.796,0.828,0.857,0.828,0.796,0.907,1.0,0.976,0.998,0.883,0.726,0.726,0.796,0.907,1.0
0.994,0.947,0.762,0.647,0.726,0.796,0.828,0.647,0.421,0.268,0.370,0.796,1.0,0.762,0.267,0.054,0.214,0.370,0.468,0.515,0.646,0.795,0.907,0.994,0.963,0.907,0.963,0.998,0.976,0.998,0.994,0.986,0.994,1.0,0.986,0.963,0.986,0.986,0.976,0.998,0.883,0.688,0.762,0.883,0.857,0.762,0.883,0.994,0.856,0.795,0.883,0.986,0.986,0.947,0.907,0.726,0.320,0.109,0.216,0.469,0.561,0.647,0.796,0.929,0.929,0.762,0.647,0.796,0.976,1.0,0.986,0.857,0.647,0.605,0.688,0.907,0.976
0.986,0.907,0.605,0.561,0.726,0.929,0.976,0.883,0.647,0.469,0.516,0.907,0.928,0.420,-0.10,-0.10,0.267,0.561,0.687,0.726,0.856,0.928,0.947,0.986,0.986,0.883,0.828,0.907,0.929,0.907,0.947,0.994,0.998,0.986,0.928,0.856,0.856,0.856,0.856,0.976,0.907,0.688,0.726,0.857,0.828,0.726,0.828,0.986,0.976,0.947,0.947,0.986,0.998,0.976,0.929,0.688,0.216,0.000,0.216,0.469,0.561,0.647,0.907,0.998,1.0,0.883,0.647,0.688,0.883,0.976,0.986,0.947,0.857,0.796,0.857,0.986,0.856
0.907,0.994,0.857,0.796,0.883,0.986,0.998,0.994,0.907,0.762,0.828,0.998,0.762,0.214,-0.05,0.267,0.726,0.928,0.976,0.976,0.994,0.994,0.976,0.994,0.976,0.828,0.726,0.762,0.796,0.857,0.986,0.976,0.928,0.907,0.856,0.827,0.827,0.795,0.762,0.907,0.994,0.883,0.857,0.907,0.907,0.828,0.796,0.907,0.976,1.0,0.963,0.928,0.986,0.986,0.828,0.370,-0.16,-0.21,0.216,0.688,0.828,0.907,1.0,0.907,0.907,0.998,0.828,0.762,0.828,0.907,0.947,0.963,0.963,0.963,0.976,1.0,0.883
