dist/data/perlin1_direction.json
{"header": { "nx": 279, "ny": 274, "lo1": -179.13570434467, "lo2": -32.0245843447, "la1": 88.0588655908, "la2": -56.415854409191, "dx": 0.52728, "dy": 0.52728, "noData": -9, "forecastTime": 6, "refTime": "2013-11-30T18:00:00.000Z", "parameterCategory": 2, "parameterNumber": 3, "parameterNumberName": "V component" }, "data":
[rows 170 to 203 of 274, columns 154 to 230 of 279]
0.786,0.736,0.709,0.736,0.809,0.890,0.960,0.998,0.994,0.975,0.966,0.975,0.989,0.999,0.991,0.949,0.852,0.709,0.529,0.357,0.209,0.133,0.133,0.247,0.428,0.593,0.761,0.906,0.970,0.999,0.989,0.966,0.944,0.930,0.944,0.956,0.983,0.999,0.991,0.970,0.960,0.960,0.960,0.970,0.986,0.991,0.996,0.998,0.998,0.996,0.986,0.960,0.890,0.786,0.624,0.357,0.056,-0.28,-0.59,-0.81,-0.93,-0.99,-0.99,-0.96,-0.93,-0.89,-0.86,-0.86,-0.84,-0.84,-0.82,-0.79,-0.77,-0.75,-0.75,-0.77,-0.79
0.624,0.562,0.562,0.593,0.682,0.786,0.906,0.970,0.998,0.999,0.997,0.997,0.999,0.991,0.960,0.890,0.786,0.653,0.496,0.357,0.247,0.209,0.247,0.357,0.562,0.736,0.871,0.970,0.999,0.983,0.956,0.915,0.899,0.915,0.944,0.975,0.997,0.991,0.949,0.890,0.852,0.831,0.831,0.871,0.890,0.922,0.936,0.960,0.960,0.960,0.949,0.922,0.852,0.736,0.562,0.321,0.018,-0.32,-0.59,-0.81,-0.93,-0.99,-0.99,-0.98,-0.95,-0.94,-0.93,-0.93,-0.94,-0.94,-0.93,-0.93,-0.91,-0.91,-0.91,-0.93,-0.94
0.393,0.357,0.357,0.393,0.496,0.624,0.786,0.906,0.960,0.979,0.986,0.986,0.979,0.949,0.890,0.809,0.709,0.562,0.428,0.321,0.247,0.209,0.284,0.428,0.624,0.809,0.936,0.996,0.994,0.956,0.915,0.899,0.899,0.930,0.966,0.997,0.991,0.936,0.831,0.709,0.653,0.624,0.624,0.653,0.709,0.761,0.809,0.852,0.871,0.890,0.871,0.852,0.786,0.682,0.496,0.247,-0.05,-0.35,-0.62,-0.81,-0.92,-0.97,-0.99,-0.99,-0.98,-0.98,-0.98,-0.99,-0.99,-0.99,-0.99,-0.99,-0.99,-0.99,-0.99,-0.99,-0.99
0.095,0.056,0.056,0.133,0.247,0.393,0.593,0.761,0.852,0.906,0.922,0.922,0.890,0.852,0.786,0.682,0.593,0.462,0.321,0.247,0.209,0.209,0.284,0.462,0.682,0.852,0.960,0.999,0.983,0.944,0.899,0.899,0.915,0.956,0.994,0.991,0.936,0.809,0.624,0.462,0.357,0.321,0.321,0.357,0.428,0.496,0.593,0.653,0.709,0.761,0.761,0.761,0.682,0.593,0.393,0.133,-0.17,-0.42,-0.65,-0.81,-0.92,-0.97,-0.99,-0.99,-0.99,-0.99,-0.99,-0.97,-0.96,-0.94,-0.93,-0.93,-0.93,-0.93,-0.92,-0.90,-0.89
-0.24,-0.24,-0.24,-0.17,-0.02,0.133,0.357,0.562,0.682,0.761,0.786,0.786,0.761,0.709,0.624,0.529,0.428,0.321,0.209,0.133,0.095,0.133,0.247,0.428,0.653,0.852,0.960,0.999,0.983,0.944,0.915,0.915,0.944,0.983,0.998,0.949,0.809,0.624,0.357,0.172,0.056,-0.02,-0.02,0.018,0.095,0.209,0.321,0.428,0.529,0.593,0.624,0.624,0.562,0.462,0.247,-0.02,-0.28,-0.53,-0.71,-0.83,-0.90,-0.94,-0.97,-0.97,-0.96,-0.94,-0.90,-0.85,-0.81,-0.76,-0.73,-0.73,-0.71,-0.68,-0.65,-0.62,-0.59
-0.53,-0.53,-0.49,-0.42,-0.28,-0.09,0.133,0.357,0.496,0.562,0.624,0.624,0.593,0.529,0.428,0.357,0.209,0.133,0.018,-0.02,-0.05,0.018,0.133,0.321,0.593,0.786,0.936,0.996,0.994,0.966,0.956,0.956,0.983,0.999,0.970,0.871,0.653,0.393,0.133,-0.09,-0.24,-0.28,-0.28,-0.24,-0.17,-0.05,0.056,0.172,0.284,0.393,0.428,0.462,0.428,0.284,0.095,-0.17,-0.39,-0.62,-0.76,-0.85,-0.90,-0.93,-0.93,-0.92,-0.89,-0.83,-0.73,-0.65,-0.53,-0.46,-0.42,-0.39,-0.35,-0.35,-0.32,-0.28,-0.24
-0.71,-0.71,-0.68,-0.59,-0.49,-0.32,-0.05,0.133,0.284,0.393,0.428,0.428,0.393,0.321,0.247,0.133,0.018,-0.09,-0.17,-0.24,-0.24,-0.21,-0.05,0.133,0.393,0.653,0.852,0.960,0.996,0.997,0.989,0.994,0.999,0.986,0.922,0.761,0.529,0.209,-0.05,-0.28,-0.42,-0.49,-0.49,-0.46,-0.35,-0.24,-0.13,-0.02,0.095,0.209,0.284,0.284,0.247,0.133,-0.05,-0.32,-0.53,-0.71,-0.81,-0.87,-0.90,-0.92,-0.90,-0.87,-0.78,-0.68,-0.56,-0.39,-0.24,-0.13,-0.05,-0.05,-0.02,0.018,0.056,0.056,0.095
-0.83,-0.83,-0.78,-0.73,-0.62,-0.46,-0.24,-0.02,0.133,0.209,0.247,0.247,0.172,0.095,-0.02,-0.13,-0.24,-0.35,-0.42,-0.49,-0.49,-0.46,-0.32,-0.13,0.172,0.462,0.709,0.871,0.949,0.986,0.996,0.996,0.979,0.936,0.809,0.624,0.357,0.018,-0.28,-0.46,-0.59,-0.62,-0.62,-0.59,-0.53,-0.42,-0.28,-0.17,-0.02,0.056,0.133,0.133,0.095,-0.02,-0.21,-0.46,-0.62,-0.76,-0.85,-0.89,-0.90,-0.89,-0.85,-0.78,-0.65,-0.49,-0.28,-0.09,0.095,0.209,0.284,0.284,0.284,0.321,0.357,0.393,0.393
-0.92,-0.90,-0.89,-0.83,-0.73,-0.59,-0.39,-0.21,-0.09,-0.02,-0.02,-0.05,-0.09,-0.21,-0.32,-0.42,-0.53,-0.62,-0.68,-0.71,-0.73,-0.68,-0.56,-0.39,-0.09,0.209,0.496,0.709,0.831,0.906,0.936,0.922,0.890,0.786,0.624,0.393,0.056,-0.24,-0.49,-0.68,-0.76,-0.78,-0.78,-0.73,-0.65,-0.56,-0.42,-0.28,-0.17,-0.05,0.018,0.056,0.018,-0.09,-0.28,-0.53,-0.68,-0.78,-0.85,-0.87,-0.87,-0.83,-0.73,-0.62,-0.42,-0.21,0.018,0.284,0.462,0.562,0.624,0.624,0.624,0.624,0.653,0.653,0.653
-0.97,-0.96,-0.93,-0.89,-0.81,-0.71,-0.56,-0.39,-0.32,-0.28,-0.28,-0.32,-0.42,-0.49,-0.62,-0.71,-0.78,-0.83,-0.87,-0.89,-0.89,-0.85,-0.76,-0.59,-0.35,-0.05,0.247,0.496,0.653,0.761,0.786,0.786,0.709,0.562,0.357,0.095,-0.21,-0.53,-0.73,-0.85,-0.90,-0.92,-0.90,-0.85,-0.78,-0.68,-0.53,-0.39,-0.24,-0.13,-0.02,0.018,-0.02,-0.13,-0.35,-0.56,-0.71,-0.78,-0.83,-0.83,-0.81,-0.71,-0.59,-0.39,-0.17,0.133,0.393,0.624,0.761,0.852,0.871,0.871,0.871,0.852,0.852,0.831,0.809
-0.99,-0.98,-0.96,-0.92,-0.85,-0.76,-0.65,-0.56,-0.49,-0.49,-0.53,-0.59,-0.68,-0.76,-0.85,-0.90,-0.94,-0.97,-0.97,-0.97,-0.97,-0.94,-0.89,-0.76,-0.53,-0.28,0.018,0.247,0.462,0.562,0.593,0.562,0.462,0.321,0.056,-0.21,-0.49,-0.76,-0.90,-0.96,-0.98,-0.98,-0.97,-0.93,-0.87,-0.76,-0.62,-0.46,-0.28,-0.17,-0.05,-0.02,-0.05,-0.13,-0.35,-0.56,-0.68,-0.76,-0.78,-0.76,-0.71,-0.59,-0.39,-0.13,0.133,0.428,0.682,0.852,0.949,0.986,0.991,0.986,0.986,0.970,0.960,0.936,0.922
-0.99,-0.99,-0.97,-0.93,-0.87,-0.81,-0.73,-0.68,-0.65,-0.68,-0.73,-0.81,-0.89,-0.93,-0.97,-0.99,-0.99,-0.99,-0.99,-0.99,-0.99,-0.99,-0.94,-0.85,-0.68,-0.42,-0.17,0.056,0.247,0.357,0.393,0.357,0.209,0.018,-0.21,-0.49,-0.73,-0.90,-0.98,-0.99,-0.99,-0.99,-0.99,-0.97,-0.92,-0.81,-0.68,-0.49,-0.32,-0.17,-0.05,0.018,-0.02,-0.13,-0.32,-0.53,-0.65,-0.71,-0.71,-0.68,-0.59,-0.42,-0.17,0.095,0.393,0.682,0.871,0.979,0.999,0.989,0.983,0.989,0.994,0.999,0.996,0.986,0.960
-0.99,-0.98,-0.96,-0.92,-0.87,-0.83,-0.76,-0.73,-0.76,-0.83,-0.89,-0.94,-0.98,-0.99,-0.99,-0.97,-0.95,-0.95,-0.95,-0.96,-0.98,-0.99,-0.97,-0.90,-0.76,-0.53,-0.28,-0.05,0.095,0.172,0.209,0.133,0.018,-0.21,-0.42,-0.68,-0.87,-0.97,-0.99,-0.98,-0.97,-0.98,-0.99,-0.99,-0.94,-0.83,-0.68,-0.49,-0.28,-0.13,-0.02,0.056,0.018,-0.05,-0.28,-0.46,-0.59,-0.65,-0.65,-0.56,-0.42,-0.24,0.018,0.321,0.624,0.831,0.970,0.999,0.966,0.915,0.899,0.930,0.956,0.983,0.997,0.996,0.970
-0.99,-0.97,-0.93,-0.89,-0.85,-0.81,-0.78,-0.81,-0.85,-0.90,-0.97,-0.99,-0.99,-0.96,-0.93,-0.88,-0.86,-0.86,-0.88,-0.91,-0.96,-0.99,-0.99,-0.92,-0.78,-0.59,-0.35,-0.13,-0.02,0.095,0.095,0.018,-0.13,-0.35,-0.59,-0.81,-0.94,-0.99,-0.98,-0.94,-0.94,-0.96,-0.99,-0.99,-0.94,-0.83,-0.65,-0.46,-0.24,-0.05,0.056,0.133,0.095,0.018,-0.21,-0.39,-0.53,-0.56,-0.56,-0.46,-0.32,-0.09,0.172,0.496,0.736,0.922,0.998,0.975,0.899,0.843,0.843,0.882,0.930,0.966,0.994,0.996,0.970
-0.97,-0.93,-0.89,-0.83,-0.81,-0.78,-0.78,-0.83,-0.89,-0.96,-0.99,-0.98,-0.94,-0.88,-0.79,-0.75,-0.75,-0.77,-0.82,-0.88,-0.95,-0.99,-0.99,-0.92,-0.78,-0.56,-0.35,-0.17,-0.02,0.018,0.018,-0.05,-0.24,-0.42,-0.68,-0.85,-0.97,-0.99,-0.96,-0.93,-0.93,-0.95,-0.99,-0.99,-0.93,-0.81,-0.59,-0.39,-0.17,0.018,0.133,0.209,0.209,0.095,-0.13,-0.32,-0.46,-0.49,-0.46,-0.35,-0.21,0.018,0.321,0.593,0.809,0.960,0.999,0.956,0.863,0.799,0.822,0.863,0.930,0.975,0.997,0.986,0.936
-0.90,-0.85,-0.78,-0.73,-0.71,-0.71,-0.73,-0.83,-0.92,-0.98,-0.99,-0.95,-0.86,-0.77,-0.66,-0.63,-0.63,-0.69,-0.77,-0.88,-0.95,-0.99,-0.97,-0.89,-0.71,-0.49,-0.28,-0.09,0.018,0.056,0.018,-0.05,-0.24,-0.46,-0.68,-0.87,-0.97,-0.99,-0.96,-0.93,-0.94,-0.97,-0.99,-0.97,-0.89,-0.73,-0.49,-0.28,-0.05,0.133,0.247,0.321,0.284,0.172,-0.05,-0.24,-0.39,-0.42,-0.39,-0.28,-0.13,0.095,0.357,0.624,0.852,0.970,0.999,0.956,0.882,0.843,0.843,0.899,0.956,0.994,0.996,0.949,0.871
-0.78,-0.71,-0.65,-0.59,-0.59,-0.62,-0.68,-0.81,-0.92,-0.99,-0.98,-0.89,-0.77,-0.66,-0.57,-0.54,-0.57,-0.63,-0.77,-0.89,-0.97,-0.99,-0.93,-0.81,-0.62,-0.39,-0.17,0.018,0.133,0.172,0.133,0.018,-0.17,-0.39,-0.65,-0.83,-0.96,-0.99,-0.98,-0.96,-0.97,-0.99,-0.99,-0.93,-0.81,-0.62,-0.39,-0.13,0.095,0.247,0.357,0.393,0.357,0.247,0.018,-0.17,-0.32,-0.35,-0.32,-0.24,-0.09,0.133,0.393,0.624,0.831,0.949,0.998,0.983,0.930,0.899,0.930,0.966,0.994,0.996,0.949,0.852,0.736
-0.59,-0.49,-0.42,-0.39,-0.42,-0.49,-0.59,-0.76,-0.92,-0.99,-0.97,-0.86,-0.72,-0.57,-0.51,-0.48,-0.54,-0.66,-0.79,-0.93,-0.99,-0.97,-0.87,-0.68,-0.46,-0.21,0.018,0.172,0.284,0.321,0.247,0.133,-0.05,-0.28,-0.53,-0.76,-0.90,-0.98,-0.99,-0.99,-0.99,-0.99,-0.94,-0.85,-0.68,-0.46,-0.21,0.018,0.247,0.393,0.462,0.496,0.428,0.321,0.095,-0.13,-0.24,-0.32,-0.28,-0.21,-0.05,0.133,0.357,0.562,0.761,0.906,0.979,0.999,0.989,0.983,0.989,0.999,0.979,0.922,0.831,0.682,0.529
-0.35,-0.24,-0.17,-0.17,-0.21,-0.32,-0.49,-0.71,-0.89,-0.99,-0.96,-0.84,-0.69,-0.54,-0.48,-0.48,-0.54,-0.69,-0.84,-0.96,-0.99,-0.90,-0.73,-0.53,-0.24,0.018,0.209,0.393,0.462,0.496,0.462,0.321,0.172,-0.09,-0.35,-0.62,-0.81,-0.92,-0.97,-0.98,-0.97,-0.93,-0.85,-0.68,-0.49,-0.24,-0.02,0.209,0.357,0.496,0.529,0.562,0.496,0.357,0.133,-0.09,-0.21,-0.28,-0.28,-0.24,-0.09,0.056,0.247,0.462,0.653,0.809,0.906,0.970,0.991,0.991,0.979,0.936,0.871,0.736,0.593,0.428,0.209
-0.05,0.018,0.056,0.056,-0.02,-0.17,-0.35,-0.62,-0.87,-0.99,-0.97,-0.84,-0.69,-0.54,-0.48,-0.48,-0.61,-0.75,-0.89,-0.99,-0.96,-0.81,-0.56,-0.32,-0.02,0.247,0.462,0.593,0.682,0.682,0.653,0.562,0.393,0.172,-0.09,-0.39,-0.62,-0.78,-0.87,-0.89,-0.87,-0.78,-0.65,-0.46,-0.24,-0.02,0.172,0.357,0.496,0.593,0.624,0.593,0.529,0.357,0.133,-0.05,-0.21,-0.28,-0.32,-0.28,-0.17,-0.05,0.095,0.284,0.496,0.653,0.761,0.852,0.890,0.890,0.852,0.736,0.624,0.462,0.247,0.095,-0.09
0.209,0.284,0.284,0.247,0.172,-0.02,-0.24,-0.53,-0.83,-0.97,-0.98,-0.86,-0.69,-0.57,-0.51,-0.54,-0.66,-0.82,-0.95,-0.99,-0.89,-0.65,-0.39,-0.09,0.209,0.462,0.653,0.761,0.831,0.852,0.831,0.761,0.624,0.428,0.172,-0.09,-0.35,-0.56,-0.65,-0.68,-0.65,-0.56,-0.39,-0.21,-0.02,0.209,0.357,0.496,0.593,0.653,0.653,0.593,0.496,0.357,0.133,-0.09,-0.24,-0.35,-0.39,-0.35,-0.32,-0.21,-0.05,0.095,0.247,0.393,0.529,0.624,0.653,0.653,0.562,0.428,0.247,0.095,-0.09,-0.24,-0.35
0.428,0.462,0.462,0.428,0.321,0.133,-0.13,-0.46,-0.78,-0.97,-0.98,-0.88,-0.72,-0.61,-0.57,-0.61,-0.72,-0.88,-0.98,-0.97,-0.81,-0.53,-0.21,0.095,0.393,0.624,0.786,0.890,0.936,0.949,0.936,0.906,0.809,0.682,0.462,0.209,-0.05,-0.24,-0.39,-0.42,-0.35,-0.28,-0.13,0.056,0.209,0.393,0.496,0.593,0.653,0.682,0.653,0.593,0.462,0.284,0.056,-0.17,-0.35,-0.42,-0.49,-0.49,-0.46,-0.35,-0.24,-0.13,-0.02,0.133,0.247,0.321,0.357,0.321,0.247,0.056,-0.09,-0.24,-0.39,-0.49,-0.56
0.529,0.562,0.562,0.496,0.393,0.209,-0.05,-0.42,-0.73,-0.94,-0.99,-0.91,-0.77,-0.66,-0.61,-0.66,-0.77,-0.91,-0.99,-0.94,-0.73,-0.39,-0.05,0.209,0.496,0.736,0.871,0.949,0.986,0.991,0.991,0.979,0.936,0.831,0.682,0.496,0.247,0.056,-0.05,-0.13,-0.09,0.018,0.133,0.247,0.393,0.496,0.593,0.653,0.682,0.653,0.593,0.496,0.357,0.172,-0.05,-0.32,-0.46,-0.56,-0.62,-0.62,-0.59,-0.53,-0.46,-0.35,-0.24,-0.13,-0.02,0.056,0.056,0.056,-0.05,-0.24,-0.39,-0.49,-0.59,-0.65,-0.68
0.653,0.653,0.653,0.593,0.462,0.284,0.018,-0.32,-0.68,-0.92,-0.99,-0.94,-0.82,-0.72,-0.66,-0.72,-0.82,-0.94,-0.99,-0.92,-0.68,-0.35,-0.02,0.284,0.562,0.786,0.922,0.979,0.998,0.999,0.999,0.998,0.986,0.936,0.831,0.682,0.496,0.284,0.172,0.133,0.133,0.209,0.284,0.393,0.496,0.562,0.624,0.653,0.653,0.593,0.529,0.428,0.247,0.056,-0.21,-0.42,-0.56,-0.65,-0.71,-0.73,-0.73,-0.68,-0.62,-0.56,-0.46,-0.39,-0.28,-0.24,-0.21,-0.24,-0.35,-0.49,-0.62,-0.68,-0.73,-0.73,-0.73
0.761,0.761,0.761,0.682,0.593,0.428,0.172,-0.17,-0.53,-0.83,-0.98,-0.98,-0.89,-0.82,-0.77,-0.79,-0.86,-0.96,-0.99,-0.90,-0.68,-0.35,-0.02,0.284,0.562,0.786,0.922,0.986,0.999,0.994,0.994,0.997,0.998,0.970,0.906,0.786,0.624,0.462,0.321,0.284,0.284,0.321,0.393,0.462,0.529,0.562,0.593,0.624,0.593,0.529,0.462,0.321,0.172,-0.02,-0.24,-0.46,-0.62,-0.71,-0.76,-0.78,-0.81,-0.78,-0.76,-0.73,-0.68,-0.62,-0.59,-0.56,-0.56,-0.59,-0.68,-0.76,-0.83,-0.85,-0.85,-0.83,-0.78
0.852,0.871,0.852,0.809,0.736,0.593,0.357,0.056,-0.32,-0.68,-0.92,-0.99,-0.96,-0.89,-0.86,-0.86,-0.91,-0.97,-0.99,-0.90,-0.68,-0.39,-0.05,0.247,0.529,0.786,0.922,0.986,0.999,0.994,0.989,0.994,0.999,0.986,0.936,0.831,0.682,0.529,0.393,0.357,0.321,0.357,0.393,0.428,0.496,0.529,0.529,0.529,0.529,0.462,0.393,0.247,0.095,-0.05,-0.28,-0.46,-0.59,-0.71,-0.76,-0.81,-0.83,-0.85,-0.85,-0.85,-0.83,-0.81,-0.81,-0.81,-0.83,-0.85,-0.90,-0.94,-0.96,-0.96,-0.94,-0.90,-0.83
0.922,0.936,0.922,0.906,0.852,0.736,0.562,0.284,-0.09,-0.49,-0.81,-0.96,-0.99,-0.96,-0.93,-0.91,-0.94,-0.98,-0.99,-0.90,-0.71,-0.42,-0.13,0.172,0.496,0.736,0.906,0.979,0.998,0.997,0.994,0.994,0.999,0.986,0.936,0.831,0.682,0.529,0.428,0.357,0.321,0.321,0.321,0.357,0.393,0.428,0.428,0.428,0.393,0.357,0.284,0.209,0.095,-0.05,-0.24,-0.39,-0.56,-0.65,-0.73,-0.81,-0.85,-0.89,-0.90,-0.92,-0.92,-0.93,-0.94,-0.96,-0.97,-0.98,-0.99,-0.99,-0.99,-0.99,-0.98,-0.93,-0.85
0.960,0.970,0.970,0.960,0.922,0.871,0.736,0.496,0.172,-0.24,-0.62,-0.87,-0.97,-0.99,-0.97,-0.96,-0.97,-0.99,-0.99,-0.92,-0.73,-0.49,-0.21,0.095,0.428,0.682,0.871,0.960,0.996,0.999,0.997,0.999,0.998,0.979,0.922,0.809,0.682,0.496,0.393,0.284,0.247,0.247,0.209,0.247,0.247,0.247,0.284,0.284,0.284,0.247,0.209,0.133,0.056,-0.05,-0.17,-0.32,-0.46,-0.56,-0.68,-0.76,-0.83,-0.89,-0.92,-0.94,-0.97,-0.99,-0.99,-0.99,-0.99,-0.98,-0.96,-0.95,-0.96,-0.98,-0.99,-0.96,-0.83
0.979,0.986,0.991,0.986,0.970,0.936,0.852,0.682,0.393,-0.02,-0.42,-0.73,-0.92,-0.99,-0.99,-0.98,-0.98,-0.99,-0.99,-0.92,-0.78,-0.56,-0.28,0.018,0.321,0.624,0.809,0.936,0.986,0.998,0.999,0.999,0.991,0.960,0.890,0.786,0.624,0.428,0.284,0.209,0.133,0.095,0.056,0.056,0.056,0.056,0.095,0.095,0.095,0.095,0.095,0.095,0.056,-0.02,-0.09,-0.21,-0.32,-0.46,-0.59,-0.68,-0.78,-0.87,-0.92,-0.97,-0.99,-0.99,-0.99,-0.97,-0.94,-0.91,-0.88,-0.86,-0.89,-0.95,-0.99,-0.96,-0.81
0.979,0.991,0.996,0.996,0.991,0.970,0.922,0.809,0.562,0.172,-0.21,-0.59,-0.83,-0.94,-0.99,-0.99,-0.99,-0.99,-0.98,-0.93,-0.81,-0.62,-0.35,-0.05,0.247,0.529,0.761,0.906,0.970,0.991,0.996,0.991,0.979,0.936,0.852,0.709,0.529,0.357,0.209,0.095,-0.02,-0.05,-0.13,-0.13,-0.17,-0.17,-0.13,-0.09,-0.05,-0.02,-0.02,0.018,0.018,0.018,-0.02,-0.09,-0.21,-0.32,-0.42,-0.56,-0.71,-0.81,-0.90,-0.96,-0.99,-0.99,-0.97,-0.93,-0.88,-0.82,-0.79,-0.79,-0.86,-0.94,-0.99,-0.94,-0.76
0.970,0.986,0.991,0.996,0.996,0.986,0.960,0.871,0.653,0.321,-0.05,-0.42,-0.73,-0.89,-0.97,-0.99,-0.99,-0.99,-0.98,-0.93,-0.83,-0.65,-0.42,-0.13,0.172,0.462,0.709,0.852,0.936,0.970,0.986,0.979,0.949,0.890,0.786,0.624,0.428,0.209,0.056,-0.05,-0.17,-0.24,-0.32,-0.35,-0.39,-0.39,-0.35,-0.32,-0.24,-0.21,-0.13,-0.05,0.018,0.056,0.056,0.056,-0.02,-0.13,-0.28,-0.42,-0.59,-0.73,-0.85,-0.94,-0.99,-0.99,-0.96,-0.91,-0.84,-0.79,-0.75,-0.77,-0.86,-0.95,-0.99,-0.90,-0.65
0.936,0.960,0.979,0.991,0.991,0.986,0.970,0.890,0.709,0.428,0.056,-0.32,-0.62,-0.83,-0.94,-0.98,-0.99,-0.99,-0.98,-0.94,-0.85,-0.68,-0.46,-0.21,0.095,0.428,0.653,0.809,0.906,0.949,0.960,0.960,0.922,0.852,0.709,0.529,0.321,0.095,-0.09,-0.21,-0.32,-0.42,-0.53,-0.56,-0.59,-0.59,-0.59,-0.53,-0.46,-0.35,-0.24,-0.09,0.018,0.095,0.172,0.172,0.133,0.018,-0.09,-0.24,-0.42,-0.59,-0.76,-0.89,-0.97,-0.99,-0.97,-0.93,-0.86,-0.79,-0.77,-0.82,-0.89,-0.98,-0.97,-0.83,-0.53
0.852,0.906,0.949,0.970,0.979,0.979,0.960,0.890,0.736,0.462,0.095,-0.24,-0.56,-0.78,-0.90,-0.97,-0.98,-0.99,-0.97,-0.93,-0.85,-0.71,-0.49,-0.24,0.056,0.357,0.624,0.786,0.890,0.936,0.949,0.936,0.890,0.786,0.653,0.428,0.209,-0.02,-0.21,-0.35,-0.49,-0.59,-0.68,-0.73,-0.76,-0.78,-0.76,-0.71,-0.62,-0.49,-0.35,-0.21,-0.02,0.133,0.209,0.284,0.247,0.209,0.095,-0.05,-0.21,-0.42,-0.62,-0.78,-0.92,-0.98,-0.99,-0.96,-0.91,-0.88,-0.86,-0.89,-0.96,-0.99,-0.92,-0.68,-0.32
0.709,0.786,0.852,0.906,0.936,0.949,0.922,0.852,0.709,0.428,0.095,-0.24,-0.53,-0.76,-0.89,-0.94,-0.97,-0.97,-0.97,-0.93,-0.85,-0.71,-0.53,-0.24,0.056,0.357,0.593,0.761,0.871,0.922,0.922,0.906,0.852,0.736,0.562,0.357,0.095,-0.13,-0.32,-0.46,-0.59,-0.71,-0.81,-0.87,-0.89,-0.90,-0.89,-0.83,-0.76,-0.65,-0.46,-0.28,-0.05,0.133,0.284,0.357,0.393,0.357,0.284,0.133,-0.02,-0.21,-0.42,-0.65,-0.81,-0.92,-0.98,-0.99,-0.98,-0.95,-0.95,-0.98,-0.99,-0.94,-0.78,-0.49,-0.09
