dist/data/perlin8_5_2_m_direction.json
{"header": { "nx": 708, "ny": 282, "lo1": -179.1257043447, "lo2": 174.874295655, "la1": 83.52724844, "la2": -59.47275156, "dx": 0.5072870648, "dy": 0.5072870648, "noData": -9, "refTime": "2013-11-30T18:00:00.000Z", "forecastTime": 6, "parameterCategory": 2, "parameterNumber": 2, "parameterNumberName": "U component" }, "data":
[rows 112 to 167 of 282, columns 288 to 383 of 708]
0,0,0,0,0,0,0,0,0,0,0,0,0,0,0,0,0,0,0,0,0,0,0,0,0,0,0,0,0,0,0,0,0,0,0,0,0,-0.95,0.899,-0.16,-0.39,0.765,0.266,0.742,-0.96,-0.62,-0.78,0.982,0.375,0.375,0.375,0.375,0.982,-0.78,-0.78,-0.94,0.982,-0.50,-0.50,-0.99,-0.94,-0.78,-0.24,0.375,0.455,-0.50,0.982,0.862,-0.44,-0.89,-0.99,-0.91,-0.39,-0.90,0.834,-0.96,0.424,0.424,0.914,-0.64,0.673,-0.89,0.730,0.101,-0.24,-0.92,0.569,0.776,0.824,-0.30,0.985,-0.91,-0.98,-0.66,0.742,0.985
0,0,0,0,0,0,0,0,0,0,0,0,0,0,0,0,0,0,0,0,0,0,0,0,0,0,0,0,0,0,0,0,0,0,0,0,-0.82,0.525,-0.39,-0.39,0.765,0.765,-0.39,0.853,0.921,0.510,-0.92,-0.81,-0.81,0.892,0.686,0.375,-0.57,-0.24,-0.78,0.862,0.892,-0.94,-0.94,-0.78,0.862,-0.78,-0.94,-0.94,0.982,0.101,-0.62,0.249,-0.96,-0.99,0.673,0.022,-0.99,0.555,0.266,0.154,0.646,0.424,-0.74,0.555,0.899,0.171,-0.99,0.101,-0.24,0.039,0.510,-0.11,0.171,0.993,0.985,-0.82,0.525,-0.64,0.119,-0.99
0,0,0,0,0,0,0,0,0,0,0,0,0,0,0,0,0,0,0,0,0,0,0,0,0,0,0,0,0,0,0,0,0,0,0,0,-0.99,0.266,0.266,-0.98,-0.66,-0.98,-0.64,-0.25,0.824,-0.68,0.510,0.999,-0.98,0.510,0.969,0.862,-0.78,0.101,0.862,0.730,0.969,0.317,-0.44,0.999,-0.44,0.730,0.730,0.317,-0.18,-0.99,-0.11,0.993,0.119,0.022,0.899,-0.95,-0.77,0.853,0.525,-0.84,0.914,-0.01,0.266,-0.64,0.119,0.921,-0.44,0.101,-0.24,-0.92,0.569,0.824,0.633,0.391,0.899,0.964,-0.43,-0.16,-0.77,0.440
0,0,0,0,0,0,0,0,0,0,0,0,0,0,0,0,0,0,0,0,0,0,0,0,0,0,0,0,0,0,0,0,0,0,0,0,-0.91,-0.43,-0.43,0.300,-0.91,-0.82,0.853,0.391,0.171,-0.89,0.949,0.776,-0.85,0.776,0.569,0.730,0.892,0.892,0.730,-0.38,0.249,-0.03,-0.30,-0.30,0.921,0.776,0.776,0.949,-0.98,-0.11,-0.30,-0.77,-0.91,0.853,-0.77,0.985,-0.51,0.985,-0.91,0.525,0.555,-0.43,-0.91,-0.77,0.391,0.921,-0.44,0.039,0.892,0.730,-0.68,-0.03,-0.73,0.673,0.742,-0.43,-0.43,-0.91,0.673,0.633
0,0,0,0,0,0,0,0,0,0,0,0,0,0,0,0,0,0,0,0,0,0,0,0,0,0,0,0,0,0,0,0,0,0,0,0.985,-0.91,-0.43,-0.43,0.300,-0.91,-0.82,0.853,0.391,0.171,-0.89,0.949,0.776,-0.85,0.776,0.569,0.730,0.892,0.892,0.730,-0.38,0.249,-0.03,-0.30,-0.30,0.921,0.776,0.776,0.949,-0.98,-0.11,-0.30,-0.77,-0.91,0.853,-0.77,0.985,-0.51,0.985,-0.91,0.525,0.555,-0.43,-0.91,-0.77,0.391,0.921,-0.44,0.039,0.892,0.730,-0.68,-0.03,-0.73,0.673,0.742,-0.43,-0.43,-0.91,0.673,0.633
0,0,0,0,0,0,0,0,0,0,0,0,0,0,0,0,0,0,0,0,0,0,0,0,0,0,0,0,0,0,0,0,0,0,-0.11,-0.96,0.391,-0.77,-0.77,-0.25,0.633,0.993,-0.51,0.440,0.633,-0.73,0.171,0.171,0.633,-0.96,0.949,-0.99,-0.81,0.039,0.510,0.921,0.633,0.673,0.853,0.119,-0.25,-0.51,0.633,0.633,0.633,-0.51,0.673,0.853,0.119,-0.56,-0.99,-0.56,0.633,0.440,0.985,-0.95,-0.77,-0.25,0.391,0.993,0.633,-0.03,-0.99,0.039,0.039,0.969,0.249,0.824,0.633,-0.77,-0.99,-0.98,-0.66,-0.99,-0.77,-0.51
0,0,0,0,0,0,0,0,0,0,0,0,0,0,0,0,0,0,0,0,0,0,0,0,0,0,0,0,0,0,0,0,0,-0.44,-0.44,0.249,0.824,-0.30,-0.96,-0.85,-0.68,0.776,-0.85,0.824,-0.73,-0.30,0.440,-0.99,-0.51,-0.30,-0.85,-0.38,0.317,-0.62,-0.89,0.985,-0.91,-0.99,0.999,0.525,0.300,0.853,0.853,-0.16,0.742,-0.16,-0.82,-0.77,0.993,0.921,-0.85,-0.85,-0.11,0.249,0.949,-0.11,-0.89,-0.85,0.824,0.921,-0.73,-0.11,-0.62,-0.81,-0.18,0.999,-0.03,0.440,0.673,-0.82,-0.39,-0.90,-0.12,0.999,-0.82,0.673
0,0,0,0,0,0,0,0,0,0,0,0,0,0,0,0,0,0,0,0,0,0,0,0,0,0,0,0,0,0,0,0,0,-0.24,0.892,-0.62,-0.38,0.949,0.949,0.569,0.569,0.249,-0.11,-0.85,-0.73,0.633,-0.99,0.673,0.440,0.921,0.949,0.999,0.317,0.999,-0.73,0.853,0.999,-0.12,0.834,0.914,-0.90,0.555,-0.66,-0.12,-0.90,-0.98,0.742,-0.56,-0.89,0.569,-0.92,0.039,-0.81,0.862,-0.81,-0.18,-0.18,-0.44,-0.68,0.776,0.776,-0.38,0.317,0.969,-0.99,0.776,0.993,0.119,-0.16,-0.43,-0.84,0.646,0.914,0.999,0.022,-0.56
0,0,0,0,0,0,0,0,0,0,0,0,0,0,0,0,0,0,0,0,0,0,0,0,0,0,0,0,0,0,0,0,0.455,0.455,0.686,0.730,0.999,0.569,-0.98,0.949,-0.11,-0.89,0.824,0.824,-0.73,-0.51,-0.25,-0.95,0.440,-0.03,0.249,0.999,-0.99,-0.98,0.633,0.022,0.999,-0.90,0.991,0.408,-0.53,-0.74,0.834,0.834,-0.74,-0.90,0.742,0.993,-0.68,-0.92,-0.99,0.995,0.995,-0.50,-0.57,0.375,-0.24,-0.81,-0.44,-0.99,0.969,0.317,-0.99,0.999,0.249,0.171,-0.25,-0.43,0.955,-0.90,0.646,0.988,-0.99,0.955,-0.91,0.391
0,0,0,0,0,0,0,0,0,0,0,0,0,0,0,0,0,0,0,0,0,0,0,0,0,0,0,0,0,0,0,-0.72,-0.97,-0.50,0.862,-0.44,0.249,-0.11,0.921,0.993,0.993,-0.96,-0.30,-0.96,0.633,0.391,-0.77,-0.25,0.993,-0.89,-0.98,0.569,0.510,0.949,-0.30,0.853,0.999,-0.12,-0.53,0.136,0.136,0.408,-0.74,0.765,0.765,-0.98,0.853,0.171,0.569,0.892,0.455,0.619,0.455,-0.99,-0.50,-0.99,-0.24,0.892,-0.18,-0.81,0.101,-0.81,-0.99,0.249,0.824,-0.56,0.742,-0.12,0.154,0.646,0.660,-0.95,-0.53,0.955,-0.16,0.985
0,0,0,0,0,0,0,0,0,0,0,0,0,0,0,0,0,0,0,0,0,0,0,0,0,0,0,0,0,0,0,0.982,0.982,0.039,0.999,-0.85,0.993,0.391,-0.95,0.119,-0.77,0.985,-0.56,-0.56,-0.56,0.391,-0.56,-0.51,-0.73,-0.38,0.969,0.969,0.969,0.510,0.824,-0.95,-0.99,0.266,0.991,0.136,0.843,0.660,0.154,-0.98,-0.64,0.853,-0.51,-0.11,0.969,-0.94,-0.99,0.375,0.892,0.862,-0.94,0.686,-0.78,0.101,0.101,-0.94,-0.94,0.730,-0.68,0.171,-0.51,0.119,-0.43,-0.84,0.154,-0.96,-0.54,-0.54,0.914,0.999,-0.91,0.985
0,0,0,0,0,0,0,0,0,0,0,0,0,0,0,0,0,0,0,0,0,0,0,0,0,0,0,0,0,0,0,0,0.510,-0.68,-0.85,0.633,-0.77,-0.91,0.742,-0.16,0.742,0.853,0.673,0.391,-0.51,-0.99,-0.99,-0.96,0.949,-0.62,0.862,0.892,0.101,0.969,-0.85,0.985,-0.16,0.525,-0.01,-0.53,0.660,-0.53,-0.12,0.300,-0.25,-0.30,-0.85,0.569,0.101,-0.99,-0.99,-0.24,-0.99,0.569,-0.99,-0.92,-0.81,-0.81,0.862,0.101,-0.81,0.249,-0.30,0.985,-0.95,0.899,0.964,-0.98,-0.12,-0.12,0.914,0.154,0.266,0.300,0.022,0.673
0,0,0,0,0,0,0,0,0,0,0,0,0,0,0,0,0,0,0,0,0,0,0,0,0,0,0,0,0,0,0,0,0,0.171,-0.30,0.391,0.853,0.742,0.964,-0.91,0.022,-0.25,-0.51,0.633,0.633,-0.99,-0.56,-0.73,0.776,-0.99,0.101,0.686,-0.24,0.969,0.776,0.993,-0.95,-0.82,-0.39,0.914,0.991,-0.29,0.266,-0.82,-0.51,-0.03,0.569,-0.81,0.982,-0.99,0.686,-0.18,0.249,0.171,-0.03,-0.98,0.569,0.999,-0.99,-0.44,-0.68,0.993,-0.77,0.899,-0.95,-0.95,-0.77,0.853,0.742,-0.64,0.555,-0.98,-0.43,-0.91,-0.25,-0.99
0,0,0,0,0,0,0,0,0,0,0,0,0,0,0,0,0,0,0,0,0,0,0,0,0,0,0,0,0,0,0,0,0,0.171,-0.30,0.391,0.853,0.742,0.964,-0.91,0.022,-0.25,-0.51,0.633,0.633,-0.99,-0.56,-0.73,0.776,-0.99,0.101,0.686,-0.24,0.969,0.776,0.993,-0.95,-0.82,-0.39,0.914,0.991,-0.29,0.266,-0.82,-0.51,-0.03,0.569,-0.81,0.982,-0.99,0.686,-0.18,0.249,0.171,-0.03,-0.98,0.569,0.999,-0.99,-0.44,-0.68,0.993,-0.77,0.899,-0.95,-0.95,-0.77,0.853,0.742,-0.64,0.555,-0.98,-0.43,-0.91,-0.25,-0.99
0,0,0,0,0,0,0,0,0,0,0,0,0,0,0,0,0,0,0,0,0,0,0,0,0,0,0,0,0,0,0,0,0,0.633,0.440,0.673,0.022,-0.91,0.853,0.985,0.633,0.171,-0.03,0.921,0.633,0.391,-0.25,-0.99,0.633,-0.11,0.730,-0.94,-0.24,0.969,-0.38,-0.03,0.633,0.985,0.300,-0.01,0.991,-0.96,-0.66,0.899,0.633,0.824,0.999,0.892,0.686,0.686,0.862,-0.38,0.633,-0.25,0.391,-0.73,0.921,-0.85,0.776,-0.03,0.633,0.853,-0.99,-0.16,-0.95,-0.51,-0.73,0.921,0.633,0.985,-0.82,-0.99,0.525,-0.99,0.022,0.985
0,0,0,0,0,0,0,0,0,0,0,0,0,0,0,0,0,0,0,0,0,0,0,0,0,0,0,0,0,0,0,0,0,-0.56,-0.25,0.853,-0.91,0.022,-0.25,-0.30,-0.85,0.249,-0.68,-0.03,-0.51,0.119,-0.82,0.022,0.899,-0.99,0.776,0.969,0.862,0.730,0.569,-0.85,-0.96,-0.56,0.742,-0.90,0.424,0.154,0.999,-0.95,-0.30,-0.89,0.999,-0.81,0.892,-0.81,-0.99,0.921,0.853,-0.99,0.300,0.853,-0.95,0.985,0.440,-0.99,0.119,-0.99,0.999,-0.91,0.391,0.921,-0.38,-0.44,-0.98,0.921,0.673,0.964,-0.66,0.955,-0.43,0.119
0,0,0,0,0,0,0,0,0,0,0,0,0,0,0,0,0,0,0,0,0,0,0,0,0,0,0,0,0,0,0,0,0,0.853,0.742,0.525,0.300,0.853,0.985,0.171,-0.11,-0.98,0.249,-0.03,0.633,0.119,-0.16,-0.64,-0.43,-0.16,0.440,0.949,-0.62,-0.18,0.510,-0.89,-0.73,0.673,-0.99,0.765,-0.74,-0.90,-0.64,0.391,-0.03,0.999,-0.81,-0.94,-0.94,-0.62,-0.03,0.673,-0.99,-0.66,-0.98,-0.39,-0.39,-0.43,-0.91,0.853,0.742,0.999,-0.43,0.119,0.993,-0.89,0.999,0.317,-0.44,-0.89,0.440,0.899,0.555,-0.12,0.555,-0.82
0,0,0,0,0,0,0,0,0,0,0,0,0,0,0,0,0,0,0,0,0,0,0,0,0,0,0,0,0,0,0,0,0,-0.43,-0.98,0.765,-0.98,0.300,-0.95,-0.30,-0.89,0.776,-0.11,-0.85,-0.73,0.391,0.899,-0.43,0.266,-0.39,-0.82,0.633,-0.68,0.317,0.510,-0.11,0.171,-0.77,0.555,0.955,0.955,-0.43,0.119,-0.73,0.569,0.862,-0.57,0.455,0.982,0.999,-0.51,-0.16,-0.39,0.955,-0.12,0.834,0.914,0.955,-0.64,-0.82,-0.91,-0.99,-0.64,-0.77,-0.30,-0.89,-0.68,0.999,-0.38,-0.11,-0.73,-0.99,-0.91,-0.98,-0.98,-0.43
0,0,0,0,0,0,0,0,0,0,0,0,0,0,0,0,0,0,0,0,0,0,0,0,0,0,0,0,0,0,0,0,0,-0.99,0.266,-0.84,-0.12,0.999,0.899,0.993,-0.03,-0.11,0.949,-0.11,0.921,0.440,0.899,0.999,-0.90,-0.84,0.999,0.119,0.171,0.569,-0.38,-0.89,-0.73,-0.95,-0.64,0.555,0.999,0.022,0.633,-0.68,-0.81,-0.99,0.619,0.995,-0.94,0.249,0.391,-0.64,0.955,0.955,-0.90,-0.96,-0.96,-0.84,0.999,0.022,0.899,0.022,0.022,0.119,0.391,-0.30,0.921,0.824,0.824,-0.03,-0.03,0.824,0.440,-0.16,0.999,0.999
0,0,0,0,0,0,0,0,0,0,0,0,0,0,0,0.375,0,0,0,0,0,0,0,0,0,0,0,0,0,0,0,0,0,0.899,-0.43,0.266,0.955,-0.99,-0.77,-0.30,0.776,0.569,0.999,0.949,0.824,0.633,0.119,0.555,0.834,0.154,-0.66,0.022,0.633,0.949,-0.68,0.949,-0.03,0.391,0.742,0.555,0.525,-0.77,0.171,-0.44,-0.78,-0.99,0.995,0.982,-0.81,0.776,0.985,-0.64,0.955,0.955,-0.12,-0.74,0.991,0.154,0.555,0.853,-0.25,-0.95,-0.77,0.119,0.119,0.985,-0.99,-0.51,-0.51,-0.30,-0.85,-0.98,-0.68,0.993,0.853,-0.99
0,0,0,0,0,0,0,0,0,0,0,0,0,0,0,0,0,0,0,0,0,0,0,0,0,0,0,0,0,0,0,0,-0.73,0.673,0.964,-0.39,0.765,-0.39,-0.91,-0.56,-0.11,0.999,0.510,-0.98,0.776,-0.89,-0.51,-0.16,0.266,-0.84,0.555,0.853,0.440,-0.03,0.776,0.949,-0.85,-0.56,0.742,-0.66,0.999,-0.77,-0.73,0.569,0.730,0.862,-0.24,0.101,-0.92,0.249,-0.99,-0.91,-0.43,-0.39,-0.12,-0.74,-0.99,0.646,-0.39,-0.77,0.993,-0.51,0.985,0.985,-0.25,0.391,-0.56,0.985,0.673,0.440,0.776,0.317,-0.81,0.510,0.824,0.119
0,0,0,0,0,0,0,0,0,0,0,0,0,0,0,0,0,0,0,0,0,0,0,0,0,0,0,0,0,0,0,0,0.171,0.391,0.300,0.955,0.834,-0.84,-0.39,0.119,0.171,-0.98,-0.99,0.730,0.969,-0.99,0.249,0.440,-0.91,-0.99,-0.16,-0.25,0.633,0.171,0.921,-0.03,-0.73,0.673,-0.64,-0.12,0.765,0.964,-0.99,-0.85,0.249,0.569,0.969,0.892,0.039,0.999,0.921,-0.99,0.119,0.742,0.555,0.834,-0.54,-0.53,0.266,-0.95,-0.73,-0.96,0.440,0.440,0.993,0.633,0.440,0.985,-0.25,0.993,0.949,-0.92,0.686,0.686,-0.92,0.921
0,0,0,0,0,0,0,0,0,0,0,0,0,0,0,0,0,0,0,0,0,0,0,0,0,0,0,0,0,0,0,0,0.633,-0.77,0.555,0.154,0.646,-0.96,0.955,0.022,0.633,-0.98,0.862,-0.57,-0.57,-0.78,-0.81,-0.98,0.633,0.985,0.673,-0.99,0.171,0.171,-0.96,0.921,0.633,0.899,-0.39,0.914,0.914,-0.66,0.119,-0.51,0.633,-0.85,-0.99,-0.78,-0.24,0.969,-0.68,-0.03,0.633,-0.95,0.742,0.765,0.991,0.991,-0.66,0.119,0.633,0.633,0.993,-0.96,0.921,-0.85,-0.03,-0.96,0.633,-0.03,-0.38,0.862,-0.50,0.619,0.686,-0.38
0,0,0,0,0,0,0,0,0,0,0,0,0,0,0,0,0,0,0,0,0,0,0,0,0,0,0,0,0,0,0,0.921,0.633,-0.77,0.555,0.154,0.646,-0.96,0.955,0.022,0.633,-0.98,0.862,-0.57,-0.57,-0.78,-0.81,-0.98,0.633,0.985,0.673,-0.99,0.171,0.171,-0.96,0.921,0.633,0.899,-0.39,0.914,0.914,-0.66,0.119,-0.51,0.633,-0.85,-0.99,-0.78,-0.24,0.969,-0.68,-0.03,0.633,-0.95,0.742,0.765,0.991,0.991,-0.66,0.119,0.633,0.633,0.993,-0.96,0.921,-0.85,-0.03,-0.96,0.633,-0.03,-0.38,0.862,-0.50,0.619,0.686,-0.38
0,0,0,0,0,0,0,0,0,0,0,0,0,0,0,0,0,0,0,0,0,0,0,0,0,0,0,0,0,0,0,-0.99,0.119,-0.99,-0.01,-0.99,-0.99,0.154,0.525,0.985,0.824,-0.44,0.686,-0.97,0.189,0.455,0.892,0.569,0.171,0.440,-0.99,0.633,0.824,0.824,-0.03,-0.85,-0.73,-0.95,0.525,0.765,-0.90,-0.66,-0.91,0.673,-0.56,0.921,-0.99,-0.94,0.375,0.101,0.317,0.569,-0.11,-0.30,-0.77,0.525,-0.90,0.765,-0.99,-0.95,0.993,-0.96,0.171,-0.03,-0.89,-0.68,-0.38,0.249,-0.68,-0.44,-0.92,-0.99,0.189,0.928,0.455,0.317
0,0,0,0,0,0,0,0,0,0,0,0,0,0,0,0,0,0,0,0,0,0,0,0,0,0,0,0,0,0,0,0,-0.16,0.266,0.154,-0.99,-0.29,0.765,-0.91,-0.03,-0.99,0.039,-0.99,0.619,0.619,0.455,0.039,0.776,0.440,-0.99,0.440,0.824,0.949,0.949,-0.68,0.249,-0.03,-0.56,-0.91,-0.99,-0.98,-0.39,-0.16,-0.95,0.391,-0.96,-0.68,0.969,0.892,0.892,-0.92,0.969,-0.99,0.249,-0.30,0.119,-0.91,0.119,-0.25,0.440,0.171,-0.85,0.949,-0.38,0.999,-0.99,0.317,-0.99,0.317,-0.81,-0.94,-0.97,-0.86,0.814,0.995,-0.18
0,0,0,0,0,0,0,0,0,0,0,0,0,0,0,0,0,0,0,0,0,0,0,0,0,0,0,0,0,0,0,0,0,-0.39,-0.01,0.834,-0.66,0.300,-0.51,-0.44,-0.94,0.982,-0.57,0.375,-0.24,-0.78,0.317,0.921,-0.25,0.985,0.633,-0.89,0.569,0.510,-0.62,0.569,-0.89,0.633,-0.95,-0.91,-0.43,0.999,0.300,0.022,0.673,0.440,-0.96,-0.85,-0.98,0.569,0.510,-0.62,0.317,0.569,-0.85,0.633,0.440,-0.73,0.824,-0.89,0.776,-0.38,-0.62,0.039,0.101,0.892,0.862,-0.92,-0.81,0.101,0.982,-0.72,-0.04,-0.72,-0.57,-0.92
0,0,0,0,0,0,0,0,0,0,0,0,0,0,0,0,0,0,0,0,0,0,0,0,0,0,0,0,0,0,0,0,-0.95,0.964,-0.39,0.525,-0.91,-0.25,-0.85,0.730,-0.24,0.686,-0.78,0.039,-0.18,0.317,-0.68,-0.96,-0.25,0.673,0.993,-0.89,0.569,-0.44,-0.99,-0.98,-0.03,0.440,0.119,-0.91,0.300,-0.99,0.964,-0.82,-0.25,0.391,0.673,0.985,-0.51,0.633,-0.03,0.949,-0.68,0.949,-0.03,0.171,0.921,-0.11,0.569,-0.99,0.317,0.039,0.686,-0.50,-0.50,-0.57,0.686,0.862,-0.81,0.039,0.892,-0.57,0.995,-0.50,-0.57,0.862
0,0,0,0,0,0,0,0,0,0,0,0,0,0,0,0,0,0,0,0,0,0,0,0,0,0,0,0,0,0,0,0,0.673,-0.16,-0.99,0.964,-0.77,-0.99,-0.89,-0.99,0.730,0.317,-0.99,0.999,0.249,-0.89,0.921,0.993,0.985,0.673,0.440,0.776,-0.44,-0.44,-0.38,-0.89,-0.30,-0.25,0.022,0.853,0.899,0.899,0.119,-0.77,-0.25,0.899,0.742,-0.64,-0.99,0.300,-0.95,0.633,0.824,0.776,0.776,0.776,0.249,0.569,-0.99,0.969,-0.92,0.101,-0.99,0.619,0.455,-0.50,0.686,-0.92,0.510,0.569,0.510,0.730,0.892,-0.94,0.686,0.101
0,0,0,0,0,0,0,0,0,0,0,0,0,0,0,0,0,0,0,0,0,0,0,0,0,0,0,0,0,0,0,0,0,0,0.300,0.742,0.119,-0.99,-0.03,0.569,0.569,-0.11,0.921,0.171,0.993,-0.56,-0.56,0.673,0.899,-0.95,-0.96,-0.38,0.317,0.969,0.569,-0.85,0.993,-0.25,-0.95,-0.25,0.391,0.993,-0.96,-0.30,-0.56,-0.82,-0.39,-0.12,0.154,0.914,0.525,0.391,0.824,0.569,-0.99,-0.99,0.510,0.999,-0.38,0.569,-0.99,-0.92,0.982,0.455,-0.50,0.982,0.039,-0.44,-0.85,0.171,-0.85,-0.68,-0.62,-0.92,0.862,0.892
0,0,0,0,0,0,0,0,0,0,0,0,0,0,0,0,0,0,0,0,0,0,0,0,0,0,0,0,0,0,0,0,0,0,0.742,0.742,-0.82,-0.25,-0.96,0.776,0.776,0.993,-0.95,-0.25,-0.77,0.119,-0.95,-0.95,0.119,0.985,0.824,-0.99,-0.81,0.730,0.569,-0.89,-0.96,0.391,0.985,0.391,-0.51,-0.85,-0.68,0.776,0.633,-0.16,0.955,0.154,-0.53,0.991,-0.12,0.119,-0.03,-0.44,-0.92,-0.92,-0.62,-0.68,-0.03,0.824,-0.11,-0.44,0.101,-0.24,-0.24,0.101,0.969,0.249,0.633,-0.99,0.633,0.921,0.776,0.569,0.317,-0.62
0,0,0,0,0,0,0,0,0,0,0,0,0,0,0,0,0,0,0,0,0,0,0,0,0,0,0,0,0,0,0,0,0,0,0,0,-0.16,0.899,-0.51,-0.96,0.633,-0.77,-0.16,0.022,0.853,-0.25,-0.51,0.993,0.633,0.171,0.249,0.317,0.862,0.730,0.569,-0.89,0.633,0.673,0.673,0.985,-0.51,-0.11,-0.38,-0.68,0.633,0.964,0.955,-0.74,0.424,0.646,0.834,0.964,0.633,-0.38,-0.18,0.730,0.999,0.921,-0.56,0.391,0.633,0.776,-0.99,0.969,0.730,0.317,0.999,-0.11,0.633,0.391,0.391,-0.51,-0.96,0.171,-0.89,-0.89
0,0,0,0,0,0,0,0,0,0,0,0,0,0,0,0,0,0,0,0,0,0,0,0,0,0,0,0,0,0,0,0,0,0,0,0,-0.16,0.899,-0.51,-0.96,0.633,-0.77,-0.16,0.022,0.853,-0.25,-0.51,0.993,0.633,0.171,0.249,0.317,0.862,0.730,0.569,-0.89,0.633,0.673,0.673,0.985,-0.51,-0.11,-0.38,-0.68,0.633,0.964,0.955,-0.74,0.424,0.646,0.834,0.964,0.633,-0.38,-0.18,0.730,0.999,0.921,-0.56,0.391,0.633,0.776,-0.99,0.969,0.730,0.317,0.999,-0.11,0.633,0.391,0.391,-0.51,-0.96,0.171,-0.89,-0.89
0,0,0,0,0,0,0,0,0,0,0,0,0,0,0,0,0,0,0,0,0,0,0,0,0,0,0,0,0,0,0,0,0,0,0,0,0,0,0.985,0.985,-0.77,0.742,-0.64,-0.91,0.119,0.440,-0.11,-0.98,0.569,-0.62,0.969,-0.81,0.862,0.969,0.569,-0.89,-0.30,0.391,-0.95,0.899,-0.25,0.633,-0.85,-0.03,0.391,0.300,0.266,0.154,-0.29,0.991,-0.74,0.555,-0.77,-0.03,0.999,0.569,-0.11,-0.99,-0.82,-0.16,-0.77,0.993,-0.85,0.949,-0.98,-0.98,0.776,0.824,0.440,-0.77,-0.82,0.022,0.899,0.119,0.673,0.985
0,0,0,0,0,0,0,0,0,0,0,0,0,0,0,0,0,0,0,0,0,0,0,0,0,0,0,0,0,0,0,0,0,0,0,0,0,0,0,-0.91,0.300,0.525,0.525,-0.16,0.673,-0.30,-0.68,0.969,0.101,0.375,0.375,0.686,0.101,0.730,0.510,-0.68,-0.03,0.633,0.673,-0.16,-0.16,0.119,-0.51,-0.30,0.985,-0.16,-0.66,0.914,-0.96,-0.99,0.991,0.266,0.853,-0.96,-0.89,-0.03,-0.30,0.673,0.742,-0.98,-0.98,0.964,-0.77,-0.51,-0.03,-0.85,0.171,-0.56,0.853,0.300,0.555,-0.66,0.765,-0.66,0.999,-0.43
0,0,0,0,0,0,0,0,0,0,0,0,0,0,0,0,0,0,0,0,0,0,0,0,0,0,0,0,0,0,0,0,0,0,0,0,0,0,0,0.742,-0.43,0.555,-0.99,-0.82,-0.56,-0.96,0.249,-0.18,0.686,0.995,-0.32,-0.50,-0.94,0.039,-0.62,-0.38,0.776,-0.73,0.391,-0.82,0.964,-0.16,-0.25,0.440,0.391,0.853,0.525,-0.90,-0.74,-0.99,-0.53,0.955,0.119,0.993,-0.73,0.633,0.985,0.899,-0.64,-0.01,-0.96,0.834,0.266,-0.91,-0.99,-0.51,0.673,-0.91,0.525,0.266,-0.01,0.914,-0.74,0.914,-0.84,0.955
0,0,0,0,0,0,0,0,0,0,0,0,0,0,0,0,0,0,0,0,0,0,0,0,0,0,0,0,0,0,0,0,0,0,0,0,0,0,0,-0.95,-0.91,-0.64,-0.16,0.119,0.633,-0.85,-0.38,-0.18,0.101,-0.57,0.619,-0.50,-0.24,0.039,0.510,0.776,-0.85,-0.73,-0.56,0.853,0.300,0.300,0.899,-0.56,-0.56,0.673,-0.82,-0.43,0.266,0.914,-0.74,-0.98,0.119,-0.99,0.993,-0.56,0.853,0.742,0.999,0.914,-0.29,-0.29,-0.84,0.300,-0.95,-0.25,0.853,-0.43,0.955,-0.90,0.834,0.154,-0.29,0.914,-0.84,-0.12
0,0,0,0,0,0,0,0,0,0,0,0,0,0,0,0,0,0,0,0,0,0,0,0,0,0,0,0,0,0,0,0,0,0,0,0,0,0,0,0,-0.95,0.022,-0.77,-0.56,0.824,0.249,0.569,-0.99,0.317,0.039,-0.94,0.862,0.730,-0.99,-0.98,-0.11,0.824,-0.30,-0.56,0.022,-0.43,-0.64,0.853,-0.99,-0.30,0.440,-0.56,0.673,0.022,0.999,0.266,0.525,-0.95,0.633,0.993,-0.95,0.300,0.525,-0.66,-0.90,-0.84,0.765,-0.43,-0.77,-0.51,-0.99,-0.95,0.300,0.266,0.765,-0.12,-0.84,0.834,-0.90,0.765,0.955
0,0,0,0,0,0,0,0,0,0,0,0,0,0,0,0,0,0,0,0,0,0,0,0,0,0,0,0,0,0,0,0,0,0,0,0,0,0,0,0,0,-0.77,0.673,-0.99,0.921,-0.11,-0.89,0.949,-0.68,-0.98,-0.98,0.949,0.949,0.776,0.949,0.949,-0.85,0.440,0.899,-0.64,-0.39,-0.99,0.899,-0.51,-0.73,-0.96,0.824,0.824,-0.99,-0.91,0.525,-0.99,0.391,0.824,0.921,-0.99,0.022,-0.64,0.555,0.999,-0.99,-0.91,-0.56,0.921,-0.03,-0.73,0.993,-0.77,0.300,-0.39,0.955,0.955,-0.66,-0.98,-0.39,0.555
0,0,0,0,0,0,0,0,0,0,0,0,0,0,0,0,0,0,0,0,0,0,0,0,0,0,0,0,0,0,0,0,0,0,0,0,0,0,0,0,0,0,0.391,-0.56,0.993,-0.96,-0.30,0.171,-0.85,0.171,-0.30,0.633,-0.73,0.824,-0.89,0.949,-0.89,-0.99,0.300,-0.90,0.834,0.555,0.853,-0.51,0.171,-0.03,-0.89,-0.89,0.633,0.899,0.300,0.964,-0.56,-0.11,-0.98,-0.85,-0.56,0.119,0.964,0.742,-0.77,-0.96,-0.68,-0.44,-0.44,-0.38,-0.11,0.633,-0.77,-0.64,-0.66,0.266,-0.39,-0.43,0.300,0.742
0,0,0,0,0,0,0,0,0,0,0,0,0,0,0,0,0,0,0,0,0,0,0,0,0,0,0,0,0,0,0,0,0,0,0,0,0,0,0,0,0,0,0,0,0.440,0.993,-0.99,-0.51,0.633,-0.99,-0.56,0.391,0.440,-0.73,0.921,0.921,0.633,0.899,0.266,0.991,0.646,0.955,0.742,-0.25,0.633,0.824,-0.85,-0.03,0,0,0,0,0,0,0.317,0.510,-0.03,0.440,0.899,0.853,0.633,0.569,0.039,0.892,0.039,-0.92,-0.44,-0.11,0.633,0.899,-0.43,0.999,-0.99,0.742,0.899,0.673
0,0,0,0,0,0,0,0,0,0,0,0,0,0,0,0,0,0,0,0,0,0,0,0,0,0,0,0,0,0,0,0,0,0,0,0,0,0,0,0,0,0,0,0,0,0.993,-0.99,-0.51,0.633,-0.99,-0.56,0.391,0.440,-0.73,0.921,0.921,0.633,0.899,0.266,0.991,0.646,0.955,0.742,-0.25,0.633,0,0,0,0,0,0,0,0,0,0,0.510,-0.03,0.440,0.899,0.853,0.633,0.569,0.039,0.892,0.039,-0.92,-0.44,-0.11,0.633,0.899,-0.43,0.999,-0.99,0.742,0.899,0.673
0,0,0,0,0,0,0,0,0,0,0,0,0,0,0,0,0,0,0,0,0,0,0,0,0,0,0,0,0,0,0,0,0,0,0,0,0,0,0,0,0,0,0,0,0,0,0.985,-0.25,0.673,0.985,0.985,0.391,0.993,-0.96,0,0,0,-0.64,0,0.988,0.660,-0.29,-0.98,0,0,0,0,0,0,0,0,0,0,0,0,-0.18,-0.38,0.921,0.673,0.985,0.171,-0.44,0.892,-0.78,0.862,-0.81,-0.18,0.510,-0.89,0.391,-0.91,0.742,0.022,0.119,0.391,-0.73
0,0,0,0,0,0,0,0,0,0,0,0,0,0,0,0,0,0,0,0,0,0,0,0,0,0,0,0,0,0,0,0,0,0,0,0,0,0,0,0,0,0,0,0,0,0,0,0,0.899,0.985,-0.56,0.391,0,0,0,0,0,0,0,0,0,0,0,0,0,0,0,0,0,0,0,0,0,0,0,0,0.999,-0.85,-0.51,-0.99,-0.96,0,0.039,-0.24,-0.94,0.892,0.892,-0.92,0.999,-0.73,0.985,-0.77,0.673,0.391,0.993,0.824
0,0,0,0,0,0,0,0,0,0,0,0,0,0,0,0,0,0,0,0,0,0,0,0,0,0,0,0,0,0,0,0,0,0,0,0,0,0,0,0,0,0,0,0,0,0,0,0,0,0,0,0,0,0,0,0,0,0,0,0,0,0,0,0,0,0,0,0,0,0,0,0,0,0,0,0,0,0,0,0,0,0,0,0.982,0.375,0.982,0.686,-0.78,0.730,-0.98,0.824,0.633,-0.96,-0.30,0.993,-0.30
0,0,0,0,0,0,0,0,0,0,0,0,0,0,0,0,0,0,0,0,0,0,0,0,0,0,0,0,0,0,0,0,0,0,0,0,0,0,0,0,0,0,0,0,0,0,0,0,0,0,0,0,0,0,0,0,0,0,0,0,0,0,0,0,0,0,0,0,0,0,0,0,0,0,0,0,0,0,0,0,0,0,0,0,0.686,0.982,0.982,0.686,-0.94,0.730,-0.68,-0.85,-0.89,0.824,0.993,-0.56
0,0,0,0,0,0,0,0,0,0,0,0,0,0,0,0,0,0,0,0,0,0,0,0,0,0,0,0,0,0,0,0,0,0,0,0,0,0,0,0,0,0,0,0,0,0,0,0,0,0,0,0,0,0,0,0,0,0,0,0,0,0,0,0,0,0,0,0,0,0,0,0,0,0,0,0,0,0,0,0,0,0,0,0,0.039,0.862,-0.78,-0.94,-0.24,-0.92,0.569,-0.11,-0.89,0.824,0.633,0.673
0,0,0,0,0,0,0,0,0,0,0,0,0,0,0,0,0,0,0,0,0,0,0,0,0,0,0,0,0,0,0,0,0,0,0,0,0,0,0,0,0,0,0,0,0,0,0,0,0,0,0,0,0,0,0,0,0,0,0,0,0,0,0,0,0,0,0,0,0,0,0,0,0,0,0,0,0,0,0,0,0,0,0,0,-0.44,0.510,-0.99,0.969,-0.92,-0.99,-0.68,0.776,-0.11,-0.03,0.993,-0.77
0,0,0,0,0,0,0,0,0,0,0,0,0,0,0,0,0,0,0,0,0,0,0,0,0,0,0,0,0,0,0,0,0,0,0,0,0,0,0,0,0,0,0,0,0,0,0,0,0,0,0,0,0,0,0,0,0,0,0,0,0,0,0,0,0,0,0,0,0,0,0,0,0,0,0,0,0,0,0,0,0,0,0,0,-0.85,0.921,-0.03,-0.89,0.249,0.949,-0.85,-0.03,-0.03,-0.03,-0.73,-0.56
0,0,0,0,0,0,0,0,0,0,0,0,0,0,0,0,0,0,0,0,0,0,0,0,0,0,0,0,0,0,0,0,0,0,0,0,0,0,0,0,0,0,0,0,0,0,0,0,0,0,0,0,0,0,0,0,0,0,0,0,0,0,0,0,0,0,0,0,0,0,0,0,0,0,0,0,0,0,0,0,0,0,0,0,-0.96,-0.56,0.391,0.985,0.633,-0.30,0.440,0.633,0.824,-0.85,-0.89,0.921
0,0,0,0,0,0,0,0,0,0,0,0,0,0,0,0,0,0,0,0,0,0,0,0,0,0,0,0,0,0,0,0,0,0,0,0,0,0,0,0,0,0,0,0,0,0,0,0,0,0,0,0,0,0,0,0,0,0,0,0,0,0,0,0,0,0,0,0,0,0,0,0,0,0,0,0,0,0,0,0,0,0,0,-0.68,-0.30,-0.95,0.022,-0.16,-0.77,-0.95,-0.77,0.391,-0.96,0.824,-0.03,-0.85
0,0,0,0,0,0,0,0,0,0,0,0,0,0,0,0,0,0,0,0,0,0,0,0,0,0,0,0,0,0,0,0,0,0,0,0,0,0,0,0,0,0,0,0,0,0,0,0,0,0,0,0,0,0,0,0,0,0,0,0,0,0,0,0,0,0,0,0,0,0,0,0,0,0,0,0,0,0,0,0,0,0,0,-0.68,-0.30,-0.95,0.022,-0.16,-0.77,-0.95,-0.77,0.391,-0.96,0.824,-0.03,-0.85
0,0,0,0,0,0,0,0,0,0,0,0,0,0,0,0,0,0,0,0,0,0,0,0,0,0,0,0,0,0,0,0,0,0,0,0,0,0,0,0,0,0,0,0,0,0,0,0,0,0,0,0,0,0,0,0,0,0,0,0,0,0,0,0,0,0,0,0,0,0,0,0,0,0,0,0,0,0,0,0,0,0,0,0,-0.03,-0.25,0.964,-0.39,-0.64,-0.16,0.022,-0.77,0.673,-0.51,-0.30,0.171
0,0,0,0,0,0,0,0,0,0,0,0,0,0,0,0,0,0,0,0,0,0,0,0,0,0,0,0,0,0,0,0,0,0,0,0,0,0,0,0,0,0,0,0,0,0,0,0,0,0,0,0,0,0,0,0,0,0,0,0,0,0,0,0,0,0,0,0,0,0,0,0,0,0,0,0,0,0,0,0,0,0,0,0.686,-0.38,-0.51,0.742,-0.98,0.525,0.742,-0.82,0.022,0.022,0.119,0.391,-0.99
0,0,0,0,0,0,0,0,0,0,0,0,0,0,0,0,0,0,0,0,0,0,0,0,0,0,0,0,0,0,0,0,0,0,0,0,0,0,0,0,0,0,0,0,0,0,0,0,0,0,0,0,0,0,0,0,0,0,0,0,0,0,0,0,0,0,0,0,0,0,0,0,0,0,0,0,0,0,0,0,0,0,0.928,0.995,0.730,0.921,0.119,-0.64,0.964,0.022,-0.82,0.742,-0.43,-0.99,-0.82,0.673
0,0,0,0,0,0,0,0,0,0,0,0,0,0,0,0,0,0,0,0,0,0,0,0,0,0,0,0,0,0,0,0,0,0,0,0,0,0,0,0,0,0,0,0,0,0,0,0,0,0,0,0,0,0,0,0,0,0,0,0,0,0,0,0,0,0,0,0,0,0,0,0,0,0,0,0,0,0,0,0,0,0,0,-0.32,0.101,-0.98,0.440,0.119,0.119,0.119,0.853,0.300,-0.98,0.999,-0.16,-0.77
