dist/data/perlin1_direction.json
{"header": { "nx": 279, "ny": 274, "lo1": -178.86570434467, "lo2": -32.0245843447, "la1": 87.7988655908, "la2": -56.415854409191, "dx": 0.52728, "dy": 0.52728, "noData": -9, "refTime": "2013-11-30T18:00:00.000Z", "forecastTime": 6, "parameterCategory": 2, "parameterNumber": 2, "parameterNumberName": "U component" }, "data":
[rows 136 to 169 of 274, columns 77 to 153 of 279]
0.947,0.958,0.958,0.958,0.947,0.947,0.958,0.958,0.977,0.985,0.998,0.999,0.984,0.958,0.903,0.826,0.730,0.646,0.554,0.488,0.420,0.313,0.238,0.162,0.086,0.048,0.048,0.086,0.162,0.275,0.385,0.522,0.675,0.804,0.885,0.946,0.977,0.984,0.990,0.984,0.968,0.933,0.867,0.780,0.646,0.455,0.275,0.048,-0.10,-0.25,-0.36,-0.36,-0.29,-0.14,0.125,0.455,0.756,0.958,0.991,0.867,0.587,0.239,-0.06,-0.32,-0.50,-0.63,-0.66,-0.63,-0.53,-0.40,-0.21,-0.02,0.164,0.385,0.523,0.647,0.731
0.998,0.995,0.991,0.977,0.958,0.933,0.903,0.886,0.886,0.886,0.903,0.933,0.977,0.995,0.995,0.958,0.885,0.780,0.646,0.554,0.455,0.313,0.201,0.086,-0.02,-0.06,-0.06,-0.06,0.009,0.125,0.275,0.420,0.586,0.730,0.826,0.903,0.933,0.946,0.946,0.919,0.885,0.826,0.730,0.616,0.455,0.275,0.086,-0.06,-0.18,-0.29,-0.33,-0.33,-0.21,-0.02,0.275,0.586,0.867,0.990,0.958,0.757,0.455,0.126,-0.14,-0.36,-0.53,-0.60,-0.63,-0.60,-0.47,-0.32,-0.10,0.126,0.385,0.587,0.731,0.827,0.903
0.977,0.990,0.999,0.991,0.968,0.919,0.848,0.781,0.731,0.704,0.704,0.731,0.805,0.886,0.958,0.998,0.977,0.903,0.780,0.646,0.522,0.349,0.201,0.048,-0.06,-0.14,-0.18,-0.18,-0.10,0.009,0.162,0.313,0.488,0.646,0.780,0.847,0.885,0.885,0.885,0.847,0.780,0.703,0.586,0.455,0.313,0.162,0.009,-0.10,-0.18,-0.25,-0.25,-0.21,-0.06,0.162,0.488,0.756,0.946,0.995,0.886,0.647,0.350,0.087,-0.18,-0.36,-0.47,-0.50,-0.50,-0.43,-0.32,-0.10,0.126,0.385,0.617,0.805,0.903,0.968,0.991
0.885,0.946,0.990,0.998,0.977,0.903,0.781,0.647,0.523,0.455,0.421,0.455,0.523,0.647,0.805,0.933,0.995,0.977,0.885,0.756,0.616,0.420,0.238,0.048,-0.10,-0.21,-0.25,-0.25,-0.18,-0.06,0.086,0.238,0.420,0.616,0.730,0.804,0.847,0.847,0.826,0.780,0.703,0.616,0.488,0.349,0.238,0.125,0.009,-0.06,-0.10,-0.14,-0.10,0.009,0.162,0.420,0.675,0.903,0.998,0.958,0.781,0.555,0.277,0.049,-0.14,-0.25,-0.32,-0.32,-0.29,-0.21,-0.06,0.164,0.421,0.676,0.848,0.958,0.998,0.990,0.968
0.730,0.867,0.968,0.998,0.977,0.886,0.731,0.523,0.313,0.164,0.087,0.087,0.164,0.350,0.555,0.757,0.919,0.998,0.958,0.847,0.703,0.522,0.275,0.086,-0.10,-0.21,-0.25,-0.25,-0.21,-0.10,0.048,0.238,0.420,0.586,0.730,0.804,0.826,0.826,0.780,0.730,0.646,0.554,0.455,0.313,0.238,0.125,0.048,0.048,0.048,0.086,0.162,0.275,0.455,0.675,0.867,0.984,0.985,0.867,0.676,0.455,0.239,0.087,-0.02,-0.10,-0.10,-0.06,0.010,0.126,0.277,0.489,0.731,0.903,0.991,0.990,0.933,0.867,0.804
0.586,0.780,0.933,0.995,0.985,0.867,0.676,0.385,0.126,-0.06,-0.18,-0.21,-0.14,0.010,0.239,0.523,0.781,0.958,0.998,0.933,0.804,0.586,0.349,0.125,-0.06,-0.18,-0.25,-0.25,-0.21,-0.10,0.048,0.238,0.455,0.616,0.756,0.826,0.847,0.826,0.780,0.730,0.646,0.554,0.455,0.349,0.275,0.238,0.201,0.201,0.238,0.313,0.420,0.554,0.703,0.885,0.984,0.991,0.903,0.757,0.555,0.385,0.239,0.164,0.126,0.126,0.202,0.277,0.385,0.489,0.617,0.805,0.947,0.999,0.958,0.847,0.730,0.586,0.522
0.455,0.703,0.903,0.990,0.985,0.848,0.587,0.277,-0.02,-0.25,-0.40,-0.47,-0.40,-0.25,-0.02,0.313,0.617,0.886,0.995,0.977,0.867,0.675,0.455,0.201,0.009,-0.14,-0.18,-0.21,-0.14,-0.02,0.125,0.349,0.522,0.703,0.804,0.867,0.885,0.867,0.847,0.780,0.703,0.616,0.554,0.455,0.420,0.385,0.385,0.385,0.455,0.554,0.675,0.780,0.903,0.984,0.991,0.919,0.781,0.617,0.455,0.313,0.277,0.239,0.277,0.350,0.489,0.587,0.704,0.805,0.886,0.977,0.995,0.919,0.780,0.586,0.420,0.275,0.201
0.385,0.675,0.903,0.990,0.977,0.827,0.523,0.164,-0.18,-0.40,-0.56,-0.60,-0.56,-0.43,-0.18,0.126,0.489,0.805,0.977,0.990,0.903,0.730,0.522,0.275,0.086,-0.02,-0.10,-0.10,-0.02,0.086,0.275,0.488,0.675,0.804,0.903,0.946,0.946,0.946,0.919,0.867,0.804,0.756,0.675,0.616,0.586,0.554,0.554,0.616,0.675,0.756,0.867,0.946,0.995,0.991,0.919,0.781,0.617,0.489,0.385,0.313,0.313,0.350,0.455,0.587,0.704,0.827,0.919,0.968,0.995,0.984,0.885,0.730,0.488,0.275,0.086,-0.02,-0.06
0.385,0.703,0.919,0.998,0.968,0.781,0.455,0.087,-0.25,-0.50,-0.63,-0.68,-0.63,-0.50,-0.29,0.049,0.455,0.781,0.958,0.998,0.919,0.756,0.554,0.349,0.162,0.048,0.009,0.009,0.125,0.275,0.455,0.646,0.826,0.933,0.984,0.998,0.998,0.995,0.984,0.968,0.933,0.885,0.826,0.780,0.756,0.730,0.756,0.780,0.847,0.903,0.958,0.998,0.991,0.919,0.805,0.647,0.523,0.385,0.313,0.313,0.385,0.455,0.617,0.757,0.867,0.958,0.995,0.998,0.968,0.885,0.730,0.488,0.238,0.048,-0.10,-0.18,-0.18
0.488,0.804,0.968,0.998,0.919,0.704,0.350,-0.02,-0.32,-0.53,-0.66,-0.68,-0.63,-0.50,-0.25,0.087,0.489,0.805,0.977,0.990,0.903,0.730,0.554,0.349,0.201,0.125,0.086,0.162,0.275,0.455,0.616,0.804,0.933,0.990,0.998,0.985,0.977,0.985,0.995,0.999,0.990,0.968,0.933,0.903,0.867,0.847,0.867,0.885,0.919,0.968,0.995,0.995,0.947,0.848,0.731,0.587,0.489,0.385,0.385,0.421,0.489,0.617,0.757,0.886,0.977,0.999,0.968,0.919,0.847,0.703,0.488,0.275,0.048,-0.14,-0.25,-0.33,-0.29
0.675,0.903,0.998,0.958,0.827,0.555,0.239,-0.10,-0.40,-0.56,-0.66,-0.68,-0.60,-0.43,-0.14,0.202,0.587,0.886,0.995,0.968,0.847,0.675,0.488,0.313,0.201,0.125,0.162,0.238,0.385,0.554,0.730,0.885,0.984,0.998,0.968,0.933,0.933,0.947,0.968,0.991,0.999,0.990,0.968,0.946,0.919,0.903,0.903,0.919,0.958,0.984,0.999,0.985,0.933,0.827,0.731,0.617,0.555,0.489,0.523,0.587,0.704,0.827,0.933,0.991,0.990,0.919,0.804,0.703,0.586,0.420,0.201,-0.02,-0.21,-0.36,-0.43,-0.47,-0.40
0.867,0.990,0.977,0.867,0.676,0.385,0.087,-0.21,-0.47,-0.60,-0.63,-0.63,-0.50,-0.29,0.010,0.385,0.731,0.958,0.995,0.903,0.756,0.554,0.385,0.238,0.162,0.125,0.162,0.275,0.455,0.646,0.804,0.946,0.998,0.985,0.933,0.903,0.903,0.919,0.958,0.985,0.998,0.995,0.977,0.958,0.933,0.919,0.919,0.933,0.958,0.984,0.999,0.985,0.933,0.867,0.781,0.704,0.676,0.676,0.704,0.805,0.886,0.968,0.999,0.958,0.847,0.703,0.522,0.385,0.275,0.086,-0.10,-0.29,-0.47,-0.56,-0.60,-0.60,-0.53
0.977,0.985,0.867,0.704,0.489,0.202,-0.06,-0.32,-0.47,-0.56,-0.60,-0.53,-0.36,-0.10,0.239,0.587,0.867,0.995,0.946,0.804,0.616,0.420,0.275,0.162,0.086,0.125,0.201,0.313,0.488,0.675,0.847,0.968,0.999,0.968,0.919,0.886,0.886,0.919,0.958,0.985,0.999,0.995,0.968,0.946,0.919,0.903,0.903,0.919,0.946,0.977,0.998,0.995,0.958,0.903,0.848,0.827,0.805,0.848,0.886,0.947,0.991,0.990,0.919,0.780,0.586,0.349,0.162,0.048,-0.06,-0.21,-0.36,-0.53,-0.63,-0.71,-0.74,-0.71,-0.63
0.995,0.886,0.704,0.489,0.277,0.049,-0.18,-0.36,-0.47,-0.53,-0.50,-0.40,-0.18,0.087,0.455,0.757,0.958,0.990,0.867,0.675,0.455,0.275,0.162,0.086,0.048,0.086,0.201,0.349,0.554,0.730,0.885,0.977,0.998,0.968,0.919,0.886,0.903,0.933,0.968,0.995,0.998,0.977,0.946,0.919,0.885,0.867,0.867,0.885,0.919,0.958,0.990,0.999,0.985,0.958,0.933,0.919,0.933,0.958,0.985,0.999,0.968,0.885,0.730,0.488,0.275,0.009,-0.14,-0.25,-0.33,-0.47,-0.56,-0.68,-0.76,-0.79,-0.81,-0.76,-0.71
0.919,0.731,0.523,0.313,0.126,-0.06,-0.25,-0.36,-0.43,-0.43,-0.36,-0.21,0.010,0.313,0.647,0.886,0.998,0.933,0.730,0.522,0.313,0.162,0.048,0.009,0.009,0.086,0.238,0.385,0.586,0.756,0.903,0.977,0.998,0.968,0.933,0.919,0.933,0.968,0.991,0.999,0.984,0.946,0.903,0.847,0.826,0.804,0.804,0.826,0.867,0.919,0.968,0.990,0.999,0.995,0.991,0.991,0.995,0.999,0.984,0.933,0.826,0.675,0.455,0.201,-0.02,-0.25,-0.40,-0.47,-0.53,-0.60,-0.68,-0.76,-0.81,-0.83,-0.83,-0.81,-0.74
0.781,0.555,0.350,0.164,0.010,-0.14,-0.29,-0.36,-0.36,-0.32,-0.21,-0.02,0.239,0.523,0.805,0.968,0.984,0.847,0.616,0.385,0.201,0.086,0.009,-0.02,0.009,0.125,0.275,0.420,0.616,0.780,0.903,0.984,0.999,0.985,0.958,0.958,0.977,0.995,0.999,0.984,0.946,0.885,0.826,0.780,0.730,0.730,0.730,0.756,0.804,0.867,0.919,0.968,0.990,0.995,0.998,0.995,0.984,0.958,0.885,0.780,0.616,0.420,0.162,-0.06,-0.29,-0.43,-0.56,-0.60,-0.63,-0.68,-0.74,-0.79,-0.83,-0.85,-0.83,-0.81,-0.74
0.617,0.421,0.239,0.087,-0.06,-0.14,-0.21,-0.25,-0.25,-0.18,-0.02,0.202,0.455,0.704,0.919,0.999,0.933,0.756,0.522,0.275,0.125,0.009,-0.02,0.009,0.048,0.162,0.313,0.488,0.675,0.804,0.919,0.977,0.999,0.991,0.985,0.985,0.995,0.998,0.977,0.933,0.867,0.804,0.730,0.675,0.616,0.616,0.646,0.675,0.730,0.804,0.867,0.919,0.946,0.968,0.958,0.946,0.903,0.847,0.730,0.586,0.420,0.201,-0.02,-0.21,-0.40,-0.53,-0.63,-0.63,-0.63,-0.68,-0.71,-0.76,-0.79,-0.81,-0.79,-0.76,-0.68
0.489,0.313,0.164,0.049,-0.02,-0.10,-0.14,-0.14,-0.06,0.049,0.202,0.421,0.647,0.848,0.977,0.990,0.885,0.675,0.455,0.238,0.125,0.048,0.009,0.048,0.125,0.275,0.420,0.554,0.703,0.847,0.933,0.977,0.998,0.998,0.998,0.999,0.995,0.977,0.933,0.847,0.756,0.675,0.586,0.554,0.522,0.522,0.522,0.586,0.646,0.730,0.804,0.867,0.903,0.903,0.903,0.867,0.804,0.703,0.586,0.420,0.238,0.048,-0.14,-0.33,-0.47,-0.53,-0.60,-0.60,-0.56,-0.60,-0.63,-0.66,-0.68,-0.71,-0.68,-0.66,-0.60
0.385,0.277,0.202,0.126,0.049,0.010,0.010,0.049,0.126,0.277,0.421,0.617,0.781,0.933,0.998,0.968,0.847,0.646,0.455,0.275,0.162,0.086,0.086,0.162,0.238,0.385,0.522,0.646,0.780,0.885,0.946,0.977,0.995,0.999,0.999,0.995,0.968,0.919,0.847,0.756,0.646,0.554,0.455,0.420,0.385,0.420,0.455,0.522,0.586,0.675,0.756,0.804,0.847,0.847,0.826,0.756,0.675,0.586,0.455,0.275,0.125,-0.06,-0.21,-0.33,-0.43,-0.47,-0.50,-0.47,-0.43,-0.43,-0.43,-0.47,-0.50,-0.53,-0.53,-0.50,-0.47
0.385,0.313,0.277,0.239,0.239,0.202,0.239,0.277,0.385,0.489,0.617,0.757,0.886,0.977,0.998,0.946,0.826,0.675,0.488,0.349,0.238,0.201,0.238,0.313,0.420,0.522,0.646,0.756,0.847,0.919,0.958,0.984,0.995,0.995,0.990,0.977,0.933,0.847,0.756,0.646,0.522,0.420,0.349,0.313,0.313,0.313,0.385,0.455,0.554,0.646,0.730,0.780,0.804,0.804,0.756,0.703,0.616,0.488,0.349,0.238,0.086,-0.06,-0.14,-0.25,-0.29,-0.33,-0.29,-0.21,-0.18,-0.14,-0.18,-0.21,-0.21,-0.25,-0.29,-0.29,-0.25
0.421,0.421,0.421,0.455,0.455,0.455,0.489,0.523,0.617,0.704,0.781,0.886,0.958,0.995,0.990,0.946,0.847,0.730,0.586,0.455,0.385,0.385,0.420,0.488,0.586,0.675,0.780,0.847,0.919,0.958,0.977,0.990,0.995,0.990,0.977,0.946,0.885,0.780,0.675,0.554,0.420,0.349,0.275,0.238,0.238,0.275,0.349,0.455,0.554,0.646,0.730,0.780,0.780,0.780,0.730,0.646,0.586,0.455,0.349,0.238,0.125,0.048,-0.02,-0.06,-0.10,-0.06,-0.02,0.086,0.162,0.201,0.201,0.162,0.125,0.048,0.048,0.009,0.009
0.523,0.587,0.617,0.647,0.676,0.676,0.704,0.757,0.805,0.848,0.903,0.947,0.985,0.999,0.990,0.946,0.885,0.804,0.703,0.616,0.586,0.586,0.616,0.675,0.756,0.826,0.885,0.933,0.968,0.990,0.995,0.998,0.998,0.990,0.977,0.933,0.847,0.756,0.616,0.488,0.385,0.275,0.238,0.238,0.238,0.313,0.385,0.488,0.586,0.675,0.756,0.804,0.804,0.780,0.756,0.675,0.586,0.488,0.420,0.313,0.238,0.162,0.162,0.162,0.162,0.238,0.313,0.420,0.522,0.554,0.554,0.522,0.488,0.420,0.385,0.313,0.313
0.676,0.757,0.805,0.848,0.867,0.886,0.903,0.919,0.933,0.947,0.968,0.985,0.995,0.999,0.995,0.977,0.946,0.903,0.847,0.804,0.756,0.780,0.804,0.847,0.903,0.946,0.977,0.990,0.998,0.999,0.998,0.998,0.999,0.998,0.984,0.933,0.847,0.756,0.616,0.488,0.385,0.313,0.275,0.275,0.313,0.385,0.488,0.586,0.675,0.780,0.826,0.867,0.867,0.847,0.804,0.756,0.675,0.586,0.522,0.455,0.420,0.385,0.385,0.420,0.455,0.554,0.616,0.730,0.804,0.826,0.826,0.804,0.780,0.730,0.675,0.616,0.586
0.805,0.903,0.947,0.968,0.977,0.985,0.985,0.991,0.991,0.991,0.995,0.995,0.998,0.999,0.999,0.995,0.990,0.977,0.958,0.933,0.919,0.919,0.933,0.958,0.984,0.998,0.999,0.991,0.985,0.977,0.968,0.977,0.991,0.998,0.995,0.968,0.903,0.804,0.675,0.554,0.488,0.420,0.385,0.385,0.455,0.522,0.616,0.703,0.804,0.867,0.919,0.946,0.946,0.919,0.903,0.847,0.804,0.730,0.675,0.646,0.616,0.616,0.616,0.646,0.703,0.780,0.867,0.933,0.968,0.977,0.977,0.968,0.946,0.919,0.867,0.826,0.780
0.933,0.985,0.999,0.998,0.995,0.990,0.995,0.995,0.998,0.999,0.999,0.998,0.998,0.995,0.995,0.995,0.995,0.998,0.999,0.998,0.990,0.995,0.998,0.999,0.995,0.977,0.958,0.933,0.903,0.886,0.886,0.903,0.933,0.968,0.995,0.998,0.958,0.903,0.804,0.703,0.646,0.586,0.554,0.586,0.646,0.703,0.780,0.867,0.933,0.968,0.990,0.998,0.995,0.990,0.977,0.958,0.919,0.885,0.847,0.826,0.804,0.804,0.804,0.847,0.885,0.933,0.977,0.998,0.998,0.995,0.995,0.998,0.999,0.990,0.977,0.946,0.919
0.991,0.998,0.968,0.946,0.933,0.933,0.946,0.968,0.977,0.990,0.998,0.998,0.995,0.985,0.977,0.968,0.958,0.958,0.968,0.985,0.991,0.991,0.977,0.958,0.933,0.903,0.848,0.827,0.781,0.781,0.781,0.805,0.848,0.903,0.958,0.995,0.995,0.968,0.919,0.847,0.804,0.756,0.756,0.780,0.826,0.885,0.933,0.977,0.998,0.998,0.985,0.977,0.977,0.985,0.995,0.999,0.995,0.984,0.968,0.946,0.933,0.933,0.946,0.968,0.984,0.998,0.995,0.968,0.933,0.919,0.919,0.947,0.968,0.985,0.998,0.998,0.990
0.999,0.977,0.919,0.885,0.867,0.885,0.903,0.933,0.958,0.984,0.998,0.999,0.991,0.968,0.947,0.933,0.919,0.903,0.919,0.933,0.947,0.947,0.919,0.886,0.848,0.805,0.757,0.704,0.676,0.676,0.676,0.731,0.781,0.848,0.919,0.977,0.999,0.990,0.958,0.919,0.885,0.885,0.885,0.903,0.946,0.977,0.998,0.995,0.968,0.933,0.886,0.867,0.867,0.903,0.933,0.958,0.985,0.995,0.999,0.999,0.998,0.999,0.999,0.995,0.985,0.958,0.903,0.827,0.757,0.731,0.731,0.781,0.827,0.886,0.933,0.968,0.985
0.990,0.946,0.885,0.847,0.847,0.847,0.885,0.919,0.946,0.977,0.995,0.999,0.991,0.968,0.947,0.919,0.886,0.867,0.867,0.886,0.903,0.886,0.848,0.805,0.757,0.704,0.647,0.617,0.587,0.617,0.647,0.676,0.757,0.848,0.919,0.968,0.998,0.995,0.977,0.958,0.946,0.946,0.958,0.977,0.995,0.998,0.977,0.933,0.867,0.805,0.731,0.704,0.731,0.781,0.827,0.886,0.919,0.947,0.958,0.968,0.968,0.958,0.947,0.919,0.848,0.781,0.676,0.555,0.455,0.421,0.455,0.489,0.587,0.676,0.757,0.848,0.903
0.984,0.933,0.885,0.847,0.847,0.847,0.885,0.919,0.946,0.977,0.995,0.999,0.991,0.968,0.947,0.919,0.886,0.867,0.867,0.867,0.867,0.848,0.805,0.757,0.704,0.647,0.587,0.555,0.555,0.587,0.617,0.676,0.757,0.848,0.919,0.977,0.998,0.995,0.984,0.968,0.968,0.977,0.990,0.999,0.995,0.958,0.903,0.827,0.731,0.617,0.555,0.555,0.587,0.647,0.731,0.781,0.827,0.867,0.886,0.903,0.886,0.867,0.805,0.731,0.647,0.523,0.385,0.202,0.126,0.087,0.126,0.202,0.313,0.421,0.555,0.647,0.731
0.977,0.933,0.885,0.867,0.867,0.885,0.903,0.933,0.958,0.977,0.995,0.999,0.995,0.985,0.958,0.933,0.903,0.886,0.867,0.867,0.867,0.827,0.781,0.731,0.676,0.617,0.555,0.555,0.555,0.587,0.647,0.704,0.805,0.886,0.958,0.991,0.999,0.990,0.977,0.977,0.984,0.995,0.999,0.991,0.958,0.886,0.805,0.676,0.555,0.455,0.421,0.421,0.489,0.555,0.647,0.731,0.781,0.805,0.827,0.827,0.805,0.731,0.647,0.555,0.385,0.239,0.049,-0.10,-0.18,-0.21,-0.18,-0.10,0.049,0.164,0.313,0.455,0.555
0.977,0.946,0.919,0.919,0.919,0.933,0.933,0.958,0.968,0.984,0.995,0.999,0.998,0.991,0.977,0.958,0.947,0.919,0.903,0.886,0.867,0.827,0.781,0.704,0.647,0.587,0.555,0.555,0.555,0.617,0.676,0.757,0.848,0.933,0.977,0.999,0.990,0.977,0.968,0.977,0.984,0.998,0.995,0.968,0.903,0.805,0.676,0.555,0.421,0.350,0.313,0.350,0.421,0.523,0.617,0.704,0.757,0.781,0.805,0.781,0.731,0.647,0.523,0.385,0.202,0.010,-0.18,-0.32,-0.43,-0.43,-0.40,-0.29,-0.18,-0.02,0.126,0.277,0.421
0.984,0.968,0.958,0.958,0.958,0.968,0.968,0.977,0.984,0.990,0.995,0.998,0.999,0.999,0.995,0.991,0.977,0.958,0.947,0.933,0.903,0.867,0.805,0.731,0.647,0.617,0.555,0.555,0.587,0.647,0.731,0.827,0.903,0.968,0.998,0.995,0.968,0.958,0.958,0.968,0.990,0.999,0.985,0.933,0.848,0.731,0.587,0.455,0.350,0.277,0.239,0.313,0.421,0.555,0.647,0.731,0.781,0.805,0.805,0.781,0.731,0.617,0.489,0.277,0.087,-0.14,-0.32,-0.47,-0.56,-0.56,-0.50,-0.40,-0.29,-0.10,0.049,0.202,0.350
0.984,0.984,0.984,0.990,0.990,0.995,0.995,0.995,0.995,0.995,0.995,0.995,0.995,0.998,0.999,0.999,0.998,0.991,0.985,0.968,0.947,0.886,0.827,0.757,0.676,0.617,0.587,0.587,0.617,0.704,0.781,0.867,0.947,0.991,0.998,0.968,0.933,0.919,0.933,0.958,0.984,0.999,0.977,0.919,0.805,0.676,0.523,0.421,0.313,0.239,0.277,0.350,0.489,0.617,0.731,0.805,0.867,0.886,0.867,0.848,0.781,0.676,0.489,0.277,0.049,-0.18,-0.36,-0.53,-0.60,-0.60,-0.53,-0.43,-0.29,-0.14,0.049,0.202,0.313
0.990,0.995,0.998,0.999,0.999,0.999,0.999,0.999,0.998,0.995,0.990,0.990,0.984,0.984,0.984,0.990,0.995,0.998,0.999,0.991,0.968,0.933,0.867,0.781,0.704,0.647,0.617,0.617,0.676,0.731,0.827,0.919,0.977,0.999,0.984,0.933,0.885,0.885,0.903,0.946,0.984,0.999,0.977,0.903,0.781,0.647,0.523,0.385,0.313,0.277,0.350,0.455,0.617,0.731,0.848,0.903,0.947,0.958,0.947,0.919,0.867,0.757,0.587,0.385,0.126,-0.10,-0.32,-0.50,-0.56,-0.53,-0.47,-0.36,-0.21,-0.06,0.126,0.277,0.421
