dist/data/perlin8_5_2_m_direction.json
{"header": { "nx": 708, "ny": 282, "lo1": -179.1257043447, "lo2": 174.874295655, "la1": 83.52724844, "la2": -59.47275156, "dx": 0.5072870648, "dy": 0.5072870648, "noData": -9, "forecastTime": 6, "refTime": "2013-11-30T18:00:00.000Z", "parameterCategory": 2, "parameterNumber": 3, "parameterNumberName": "V component" }, "data":
[rows 0 to 55 of 282, columns 576 to 671 of 708]
0,0,0,0,0,0,0,0,0,0,0,0,0,0,0,0,0,0,0,0,0,0,0,0,0,0,0,0,0,0,0,0,0,0,0,0,0,0,0,0,0,0,0,0,0,0,0,0,0,0,0,0,0,0,0,0,0,0,0,0,0,0,0,0,0,0,0,0,0,0,0,0,0,0,0,0,0,0,0,0,0,0,0,0,0,0,0,0,0,0,0,0,0,0,0,0
0,0,0,0,0,0,0,0,0,0,0,0,0,0,0,0,0,0,0,0,0,0,0,0,0,0,0,0,0,0,0,0,0,0,0,0,0,0,0,0,0,0,0,0,0,0,0,0,0,0,0,0,0,0,0,0,0,0,0,0,0,0,0,0,0,0,0,0,0,0,0,0,0,0,0,0,0,0,0,0,0,0,0,0,0,0,0,0,0,0,0,0,0,0,0,0
0,0,0,0,0,0,0,0,0,0,0,0,0,0,0,0,0,0,0,0,0,0,0,0,0,0,0,0,0,0,0,0,0,0,0,0,0,0,0,0,0,0,0,0,0,0,0,0,0,0,0,0,0,0,0,0,0,0,0,0,0,0,0,0,0,0,0,0,0,0,0,0,0,0,0,0,0,0,0,0,0,0,0,0,0,0,0,0,0,0,0,0,0,0,0,0
0,0,0,0,0,0,0,0,0,0,0,0,0,0,0,0,0,0,0,0,0,0,0,0,0,0,0,0,0,0,0,0,0,0,0,0,0,0,0,0,0,0,0,0,0,0,0,0,0,0,0,0,0,0,0,0,0,0,0,0,0,0,0,0,0,0,0,0,0,0,0,0,0,0,0,0,0,0,0,0,0,0,0,0,0,0,0,0,0,0,0,0,0,0,0,0
0,0,0,0,0,0,0,0,0,0,0,0,0,0,0,0,0,0,0,0,0,0,0,0,0,0,0,0,0,0,0,0,0,0,0,0,0,0,0,0,0,0,0,0,0,0,0,0,0,0,0,0,0,0,0,0,0,0,0,0,0,0,0,0,0,0,0,0,0,0,0,0,0,0,0,0,0,0,0,0,0,0,0,0,0,0,0,0,0,0,0,0,0,0,0,0
0,0,0,0,0,0,0,0,0,0,0,0,0,0,0,0,0,0,0,0,0,0,0,0,0,0,0,0,0,0,0,0,0,0,0,0,0,0,0,0,0,0,0,0,0,0,0,0,0,0,0,0,0,0,0,0,0,0,0,0,0,0,0,0,0,0,0,0,0,0,0,0,0,0,0,0,0,0,0,0,0,0,0,0,0,0,0,0,0,0,0,0,0,0,0,0
0,0,0,0,0,0,0,0,0,0,0,0,0,0,0,0,0,0,0,0,0,0,0,0,0,0,0,0,0,0,0,0,0,0,0,0,0,0,0,0,0,0,0,0,0,0,0,0,0,0,0,0,0,0,0,0,0,0,0,0,0,0,0,0,0,0,0,0,0,0,0,0,0,0,0,0,0,0,0,0,0,0,0,0,0,0,0,0,0,0,0,0,0,0,0,0
0,0,0,0,0,0,0,0,0,0,0,0,0,0,0,0,0,0,0,0,0,0,0,0,0,0,0,0,0,0,0,0,0,0,0,0,0,0,0,0,0,0,0,0,0,0,0,0,0,0,0,0,0,0,0,0,0,0,0,0,0,0,0,0,0,0,0,0,0,0,0,0,0,0,0,0,0,0,0,0,0,0,0,0,0,0,0,0,0,0,0,0,0,0,0,0
0,0,0,0,0,0,0,0,0,0,0,0,0,0,0,0,0,0,0,0,0,0,0,0,0,0,0,0,0,0,0,0,0,0,0,0,0,0,0,0,0,0,0,0,0,0,0,0,0,0,0,0,0,0,0,0,0,0,0,0,0,0,0,0,0,0,0,0,0,0,0,0,0,0,0,0,0,0,0,0,0,0,0,0,0,0,0,0,0,0,0,0,0,0,0,0
0,0,0,0,0,0,0,0,0,0,0,0,0,0,0,0,0,0,0,0,0,0,0,0,0,0,0,0,0,0,0,0,0,0,0,0,0,0,0,0,0,0,0,0,0,0,0,0,0,0,0,0,0,0,0,0,0,0,0,0,0,0,0,0,0,0,0,0,0,0,0,0,0,0,0,0,0,0,0,0,0,0,0,0,0,0,0,0,0,0,0,0,0,0,0,0
0,0,0,0,0,0,0,0,0,0,0,0,0,0,0,0,0,0,0,0,0,0,0,0,0,0,0,0,0,0,0,0,0,0,0,0,0,0,0,0,0,0,0,0,0,0,0,0,0,0,0,0,0,0,0,0,0,0,0,0,0,0,0,0,0,0,0,0,0,0,0,0,0,0,0,0,0,0,0,0,0,0,0,0,0,0,0,0,0,0,0,0,0,0,0,0
0,0,0,0,0,0,0,0,0,0,0,0,0,0,0,0,0,0,0,0,0,0,0,0,0,0,0,0,0,0,0,0,0,0,0,0,0,0,0,0,0,0,0,0,0,0,0,0,0,0,0,0,0,0,0,0,0,0,0,0,0,0,0,0,0,0,0,0,0,0,0,0,0,0,0,0,0,0,0,0,0,0,0,0,0,0,0,0,0,0,0,0,0,0,0,0
0,0,0,0,0,0,0,0,0,0,0,0,0,0,0,0,0,0,0,0,0,0,0,0,0,0,0,0,0,0,0,0,0,0,0,0,0,0,0,0,0,0,0,0,0,0,0,0,0,0,0,0,0,0,0,0,0,0,0,0,0,0,0,0,0,0,0,0,0,0,0,0,0,0,0,0,0,0,0,0,0,0,0,0,0,0,0,0,0,0,0,0,0,0,0,0
0,0,0,0,0,0,0,0,0,0,0,0,0,0,0,0,0,0,0,0,0,0,0,0,0,0,0,0,0,0,0,0,0,0,0,0,0,0,0,0,0,0,0,0,0,0,0,0,0,0,0,0,0,0,0,0,0,0,0,0,0,0,0,0,0,0,0,0,0,0,0.920,0,0,0,0,0,0,0,0,0,0,0,0,0,0,0,0,0,0,0,0,0,0,0,0,0
0,0,0,0,0,0,0,0,0,0,0,0,0,0,0,0,0,0,0,0,0,0,0,0,0,0,0,0,0,0,0,0,0,0,0,0,0,0,0,0,0,0,0,0,0,0,0,0,0,0,0,0,0,0,0,0,0,0,0,0,0,0,0,0,0,0,0,0,0,0,0,0,0,0,0,0,0,0,0,0,0,0,0,0,0,0,0,0,0,0,0,0,0,0,0,0
-0.38,0,0,0,0,0,0,0,0,0,0,0,0,0,0,0,0,0,0,0,0,0,0,0,0,0,0,0,0,0,0,0,0,0,0,0,0,0,0,0,0,0,0,0,-0.55,0,0,-0.85,-0.11,-0.98,0.313,0.893,-0.94,0.860,0,0.826,-0.26,0,0,0.963,0.850,-0.99,0,0,0,0,0,0,0,0,0,0,0,0,0,0,0,0,0,0,0,0,0,0,0,0,0,0,0,0,0,0,0,0,0,0
0,0,0,0,0,0,0,0,0,0,0,0,0,0,0,0,0,0,0,0,0,0,0,0,0,0,0,0,0,0,0,0,0,0,0,0,0,0,0,0,0,0,0,0,0,0,0,0.826,-0.11,-0.67,-0.99,0.035,0.035,0.968,0.513,-0.85,0.395,-0.91,0.745,0.017,-0.76,-0.96,0,0,0,0.395,0.529,0.270,-0.42,0.123,-0.30,0.253,0.513,0,0,0,0,0,0,0,0,0,0,0,0,0,0,0,0,0,0,0,0,0,0,0
0,0,0,0,0,0,0,0,0,0,0,0,0,0,0,0,0,0,0,0,0,0,0,0,0,0,0,0,0,0,0,0,0,0,0,0,0,0,0,0,0,0,0,0,0,0,0,0,0,0,0,0.035,0,0,0,0,0,0,0,0,0,0,0,0,0,0,0,0,0,0,0,0,0,0,0,0,0,0,0,0,0,0,0,0,0,0,0,0,0,0,0,0,0,0,0,0
0,0,0,0,0,0,0,0,0,0,0,0,0,0,0,0,0,0,0,0,0,0,0,0,0,0,0,0,0,0,0,0,0,0,0,0,0,0,0,0,0,0,0,0,0,0,0,0,0,0,0,0,0,0.105,-0.92,0,0,0,0,0,0,0,0,0,0,0,0,0,0,0,0,0,0,0,0,0,0,0,0,0,0,0,0,0,0,0,0,0,0,0,0,0,0,0,0,0
0,0,0,0,-0.02,0,0,0,0,0,0,0,0,0,0,0,0,0,0,0,0,-0.15,0.395,-0.96,0,0,0,0,0,0,0,0,0,0,0,0,0,0,0,0,0,0,0,0,0,0,0,0,0,0,0,0,0,0,-0.94,0.035,-0.62,-0.98,0.773,0,0,0,0,0,0,0,0,0,0,0,0,0,0,0,0,0,0,0,0,0,0,0,0,0,0,0,0,0,0,0,0,0,0,0,0,0
0.850,0.963,0.745,0.123,0.992,0.253,-0.62,-0.92,0.105,0.379,-0.57,0,0,0,0,0,0,0,0,0,-0.13,-0.66,-0.64,-0.91,0.963,0.963,-0.26,0.636,-0.02,-0.98,-0.67,0,0,0,0,0,0,0,0,0,0,0,0,0,0,0,0,0,0,0,0,0,0,0,0,0,0,0,0,0,0,0,0,0,0,0,0,0,0,0,0,0,0,0,0,0,0,0,0,0,0,0,0,0,0,0,0,0,0,0,0,0,0,0,0,0
0.850,0.963,0.745,0.123,0.992,0.253,-0.62,-0.92,0.105,0.379,-0.57,0.683,-0.77,0.313,0.920,0.986,0.017,-0.42,-0.66,0.762,-0.13,-0.66,-0.64,-0.91,0.963,0.963,-0.26,0.636,-0.02,-0.98,0,-0.02,0,0,0,0,0,0,0,0,0,0,0,0,0,0,0,0,0,0,0,0,0,0,0,0.860,-0.17,0.999,-0.11,0.920,0,0,0,0,0,0,0,0,0,0,0,0,0,0,0,0,0,0,0,0,0,0,0,0,0,0,0,0,0,0,0,0,0,0,0,0
-0.42,0.551,0.529,-0.91,-0.55,-0.89,0.513,-0.17,0.683,0.994,0.622,0.983,-0.82,-0.67,0.436,0.850,-0.64,-0.40,-0.13,-0.00,-0.13,0.270,-0.66,0.762,-0.84,-0.13,0.529,-0.91,-0.95,0.636,0.826,-0.02,0,0,0,0,0,0,0,0,0,0,0,0,0,0,0,0,0,0,0,-0.17,0,0.733,0.733,0.313,0.513,-0.11,0.636,-0.55,-0.52,0.992,0.436,0.670,0.017,-0.42,0.956,0.762,0.762,0.270,-0.64,0,0,0,0,0,0,0,0,0,0,0,0,0,0,0,0,0,0,0,0,0,0,0,0,0
0.956,0.956,-0.40,-0.91,-0.52,-0.02,0.253,-0.99,-0.77,0.452,-0.32,0.983,0.313,-0.89,-0.55,0.901,-0.91,0.745,0.529,-0.40,-0.42,0.963,0.529,0.956,-0.90,-0.84,-0.13,0.551,0.296,-0.95,-0.96,0,0,0,0,0,0,0,0.733,0,0,0,0,0,0,0,0,0,0,0,0,0,0.566,-0.11,-0.11,0.773,-0.02,-0.96,-0.55,0.670,-0.55,0.395,0.670,-0.83,-0.42,0.999,-0.66,0.270,0.762,0.762,0.551,-0.95,0,0,0,0,0,0,0,0,0,0,0,0,0,0,0,0,0,0,0,0,0,0,0,0
-0.66,-0.40,-0.64,0.123,0.636,0.167,0.167,0.773,-0.99,-0.77,-0.99,-0.94,-0.44,-0.85,0.436,0.395,0.395,0.986,-0.76,-0.76,0.395,-0.55,-0.95,-0.83,-0.99,-0.98,0.956,0.956,0.999,0.901,0.436,-0.96,-0.30,0,0,0,0,-0.38,-0.44,-0.38,0.253,-0.67,-0.38,0.566,0.773,-0.02,-0.85,-0.11,0,-0.67,-0.67,-0.38,0.253,0.167,-0.30,-0.96,-0.73,-0.30,-0.52,-0.55,-0.52,-0.55,-0.26,-0.15,0.529,0.529,-0.42,0.551,0.956,-0.13,0.999,0.670,-0.11,0.968,-0.24,-0.99,0,0,0,0,0,0,0,0,0,0,0,0,0,0,0,0,0,0,0,0
0.745,-0.83,0.123,-0.55,-0.30,0.636,0.436,0.167,0.253,-0.99,-0.92,-0.92,-0.98,-0.02,-0.30,0.636,-0.73,0.167,0.920,0.920,-0.11,0.773,-0.89,-0.96,-0.95,0.296,-0.66,-0.84,-0.98,-0.83,0.395,0.436,-0.73,-0.96,0.436,0.992,0.167,0.773,0.773,-0.89,-0.11,-0.98,-0.44,-0.17,0.968,0.999,-0.98,-0.98,0.999,-0.44,0.513,-0.38,-0.11,0.826,0.167,0.636,-0.96,-0.73,0.436,0.992,-0.30,-0.52,0.670,0.850,-0.91,0.017,0.850,-0.83,-0.99,-0.40,0.296,-0.55,0.773,-0.82,0.452,-0.72,0.184,-0.99,0.733,-0.85,-0.55,-0.76,0.123,0.670,0.167,0.513,0.893,0.983,-0.57,-0.94,0.999,0.920,0,0,0,0
0.395,-0.99,0.436,-0.96,-0.96,-0.55,0.395,0.992,-0.89,-0.38,-0.44,-0.44,-0.67,-0.11,-0.02,0.167,-0.02,-0.98,0.513,-0.99,0.733,-0.92,0.733,-0.98,-0.30,0.017,-0.98,-0.90,0.270,-0.91,0.986,0.636,0.826,0.826,0.920,-0.73,0.167,-0.89,-0.89,-0.02,-0.11,-0.38,-0.99,-0.92,-0.92,0.513,0.253,-0.67,0.513,0.313,-0.44,0.951,-0.85,-0.11,0.773,0.920,0.920,0.826,-0.96,0.167,-0.89,0.920,0.636,-0.55,-0.55,-0.96,0.167,0.992,-0.26,-0.91,-0.83,-0.99,0.951,0.893,0.926,-0.09,0.816,0.379,-0.44,-0.85,-0.30,-0.55,0.123,0.850,0.670,0.167,-0.67,0.513,-0.62,-0.44,0.951,0.826,0,0,0,0
0.773,-0.11,0.773,-0.11,0.636,-0.95,-0.26,0.436,0.773,0.513,-0.99,-0.44,0.999,-0.38,-0.11,0.920,0.773,0.513,0.313,0.893,0.379,-0.50,0.379,0.733,0.773,0.395,0.745,-0.42,-0.64,-0.76,0.992,0.826,0.773,0.951,0.951,0.951,0.253,0.951,-0.85,-0.02,0.773,-0.98,-0.38,0.566,-0.38,-0.89,0.920,0.826,0.773,-0.38,-0.67,-0.02,-0.89,-0.67,0.951,-0.89,0.773,0.253,-0.11,-0.11,-0.98,0.951,-0.85,-0.02,0.773,-0.44,-0.44,0.951,-0.30,0.670,0.123,0.395,0.773,0.035,0.926,0.945,-0.86,-0.50,-0.92,-0.38,0.773,0.920,0.670,0.850,0.123,-0.55,-0.96,0.920,0.773,-0.89,0.826,-0.02,0.920,0.826,0,0
-0.99,-0.62,-0.44,0.253,-0.30,0.670,0.395,-0.30,-0.98,-0.99,-0.62,0.733,-0.17,0.313,-0.98,0.773,-0.98,0.968,0.105,0.452,0.816,-0.88,-0.72,-0.24,-0.99,0.920,0.986,0.123,0.123,-0.55,-0.73,-0.11,-0.38,0.999,-0.38,-0.98,0.253,-0.02,-0.96,-0.30,0.167,-0.11,-0.89,-0.73,-0.30,0.436,0.395,-0.55,-0.30,-0.02,0.826,-0.96,0.826,0.773,0.951,0.951,-0.38,-0.44,-0.99,0.733,-0.92,-0.17,0.313,-0.99,0.968,0.860,0.860,0.313,0.253,0.636,0.395,0.436,-0.89,0.733,-0.97,-0.09,-0.88,-0.97,0.683,0.035,0.733,0.566,-0.73,-0.55,0.395,0.436,-0.96,0.167,-0.02,0.167,0.992,-0.30,0.167,-0.02,-0.11,0.951
0.035,0.035,-0.62,0.951,-0.30,-0.55,0.436,0.167,-0.67,0.513,0.513,0.968,-0.82,0.035,-0.92,0.968,0.968,-0.24,0.184,0.945,0.580,0.998,0.945,-0.97,-0.77,-0.67,0.636,-0.55,-0.95,0.986,-0.96,-0.02,0.566,0.313,0.513,-0.67,0.826,-0.99,-0.55,-0.55,0.436,0.167,-0.96,-0.52,-0.99,0.395,0.901,0.901,0.395,0.636,0.636,-0.99,0.636,0.920,-0.11,-0.98,0.313,0.105,-0.57,0.184,0.926,-0.32,-0.50,0.379,-0.24,-0.57,-0.50,0.683,-0.17,0.951,-0.02,-0.11,0.253,0.313,-0.57,0.184,-0.04,-0.72,-0.50,0.379,-0.24,-0.92,-0.67,0.167,0.992,-0.96,0.167,-0.96,0.992,-0.52,0.986,0.395,0.436,-0.30,0,0.253
-0.24,-0.24,-0.17,0.951,-0.30,0.436,0.992,0.636,0.920,0.826,-0.02,-0.67,-0.62,0.893,0.379,0.983,-0.57,-0.88,-0.99,0.721,0.972,0.721,-0.99,0.784,0.994,0.968,-0.85,0.992,0.670,-0.95,-0.99,-0.30,-0.89,0.566,-0.98,-0.89,0.992,-0.95,0.123,-0.95,0.395,0.636,-0.73,0.920,-0.73,-0.55,-0.76,0.123,-0.95,-0.55,0.992,-0.55,-0.55,0.636,-0.11,-0.99,-0.77,-0.32,0.945,0.998,0.580,-0.98,0.784,-0.04,0.184,0.926,0.926,0.452,0.893,-0.99,0.513,0.566,-0.67,0.513,0.860,0.452,0.184,-0.72,-0.97,0.622,-0.99,0.105,-0.99,0.951,0.920,-0.02,-0.89,-0.73,0.395,-0.76,0.123,-0.76,-0.95,-0.55,0.920,-0.38
-0.24,-0.24,-0.17,0.951,-0.30,0.436,0.992,0.636,0.920,0.826,-0.02,-0.67,-0.62,0.893,0.379,0.983,-0.57,-0.88,-0.99,0.721,0.972,0.721,-0.99,0.784,0.994,0.968,-0.85,0.992,0.670,-0.95,-0.99,-0.30,-0.89,0.566,-0.98,-0.89,0.992,-0.95,0.123,-0.95,0.395,0.636,-0.73,0.920,-0.73,-0.55,-0.76,0.123,-0.95,-0.55,0.992,-0.55,-0.55,0.636,-0.11,-0.99,-0.77,-0.32,0.945,0.998,0.580,-0.98,0.784,-0.04,0.184,0.926,0.926,0.452,0.893,-0.99,0.513,0.566,-0.67,0.513,0.860,0.452,0.184,-0.72,-0.97,0.622,-0.99,0.105,-0.99,0.951,0.920,-0.02,-0.89,-0.73,0.395,-0.76,0.123,-0.76,-0.95,-0.55,0.920,-0.38
0.379,0.683,-0.82,-0.98,-0.02,0.167,0.636,-0.55,0.986,-0.26,0.670,-0.73,-0.38,-0.92,-0.57,-0.32,-0.04,-0.99,0.868,-0.79,0.885,-0.81,-0.61,-0.68,0.184,0.035,0.773,-0.96,0.395,-0.76,-0.26,-0.55,-0.96,-0.11,-0.11,-0.73,0.986,0.017,-0.91,0.850,-0.26,0.436,-0.11,-0.44,0.566,0.826,0.436,0.395,-0.95,-0.26,-0.55,-0.99,-0.55,0.992,0.773,0.035,0.622,0.784,-0.45,-0.61,-0.45,-0.61,0.498,-0.68,-0.09,-0.04,-0.72,0.994,-0.24,-0.17,0.313,-0.99,-0.38,0.513,-0.92,-0.57,-0.72,-0.32,0.622,-0.97,-0.97,0.379,0.860,0.313,-0.38,-0.38,0.566,-0.11,-0.99,0.017,-0.91,-0.83,0.017,0.670,-0.96,0.566
-0.57,-0.77,-0.62,0.253,-0.02,0.826,-0.73,0.395,0.901,-0.15,0.745,0.395,-0.89,-0.99,0.683,-0.97,-0.09,-0.99,-0.93,-0.81,-0.81,0.972,0.498,0.945,-0.72,0.035,-0.89,0.436,-0.26,0.901,0.850,0.901,0.395,-0.73,0.826,0.636,-0.95,-0.91,0.017,-0.95,0.395,0.167,-0.44,0.893,0.893,-0.44,-0.02,0.436,0.986,-0.95,-0.76,-0.95,0.670,0.395,0.920,0.733,0.994,-0.09,0.580,-0.45,0.498,-0.99,0.998,0.945,-0.86,0.184,0.994,-0.50,-0.99,0.105,-0.17,-0.99,0.566,0.513,0.733,-0.94,0.452,-0.99,-0.57,-0.50,0.622,-0.50,-0.24,-0.92,-0.62,0.968,0.313,-0.38,-0.30,0.850,0.296,-0.64,0.745,0.850,-0.52,0.951
-0.94,0.968,-0.67,-0.85,-0.73,-0.73,-0.73,-0.55,0.901,0.963,-0.42,0.850,0.436,-0.11,0.968,-0.24,0.622,-0.09,-0.98,-0.98,0.998,0.580,0.945,0.926,-0.57,-0.82,-0.11,0.395,0.850,-0.15,-0.64,-0.15,0.986,-0.96,-0.73,-0.52,-0.76,-0.83,-0.26,0.992,-0.73,0.253,0.035,-0.99,0.994,-0.24,-0.44,-0.02,-0.30,-0.55,0.901,0.745,0.296,0.017,0.992,-0.98,0.893,-0.50,0.184,-0.09,0.784,-0.98,-0.68,0.926,0.452,0.983,-0.94,-0.94,0.983,-0.24,0.035,-0.44,0.566,0.566,0.566,-0.99,0.860,-0.77,-0.77,-0.77,-0.94,-0.94,0.035,0.733,0.733,0.035,-0.82,-0.44,0.167,-0.76,-0.99,-0.98,0.551,0.296,-0.76,0.167
0.313,-0.89,0.636,0.436,0.636,-0.02,-0.11,0.826,0.992,0.850,-0.99,0.745,-0.76,0.436,-0.02,-0.98,0.968,-0.94,-0.57,0.994,0.816,-0.04,-0.32,-0.24,0.733,-0.44,-0.85,-0.26,0.963,-0.99,-0.42,0.850,-0.73,-0.89,-0.02,-0.30,0.986,-0.95,-0.99,0.167,-0.85,0.999,-0.24,0.184,-0.09,0.622,0.860,0.999,-0.89,0.436,0.901,0.999,0.762,-0.99,0.670,0.826,0.513,0.035,-0.24,-0.50,-0.97,-0.88,0.816,0.683,0.313,0.999,0.566,-0.99,0.860,0.893,-0.92,-0.44,0.566,-0.98,-0.11,-0.11,0.999,-0.99,-0.62,-0.62,-0.62,0.733,0.313,-0.99,0.733,0.860,0.860,-0.62,0.920,0.123,0.551,-0.90,0.956,0.529,0.850,0.436
0.773,-0.99,0.670,0.395,-0.73,-0.98,-0.99,0.513,0.773,-0.99,0.017,-0.91,-0.95,-0.99,0.436,-0.73,0.773,0.513,0.313,-0.17,-0.77,0.683,0.035,0.999,0.773,0.826,0.436,0.850,0.963,0.296,0.963,0.670,0.773,0.999,0.999,-0.11,-0.30,0.992,-0.96,-0.85,0.773,0.313,-0.50,-0.86,-0.68,-0.72,-0.77,-0.62,0.773,-0.52,-0.83,0.551,0.956,0.529,0.017,-0.52,0.773,-0.44,0.968,-0.82,0.683,0.452,0.983,0.968,0.773,-0.73,-0.73,-0.89,-0.99,0.313,0.513,-0.67,0.773,-0.85,0.636,-0.52,-0.96,-0.02,-0.11,-0.11,0.773,-0.98,-0.98,-0.38,0.968,0.893,-0.77,-0.17,0.773,-0.26,-0.40,0.836,-0.13,0.999,0.017,-0.52
-0.30,-0.95,0.670,0.636,-0.11,0.566,-0.62,-0.62,0.253,-0.96,0.986,-0.95,0.395,0.395,-0.55,-0.52,-0.30,-0.02,0.773,0.253,0.999,0.968,0.513,-0.11,0.920,0.636,0.986,-0.76,-0.76,0.901,0.986,0.826,-0.99,0.860,0.035,0.513,-0.85,0.826,-0.02,-0.85,0.773,0.968,-0.50,0.784,-0.37,0.184,0.893,-0.67,-0.73,0.986,-0.15,-0.42,0.529,-0.99,-0.83,-0.99,-0.02,-0.67,0.566,0.999,0.513,-0.99,-0.38,0.920,-0.55,0.123,0.901,0.395,-0.96,0.826,0.920,-0.73,-0.30,-0.99,-0.26,-0.76,-0.26,0.992,0.167,0.167,-0.73,-0.73,-0.73,-0.85,-0.67,-0.62,-0.82,0.733,0.773,0.670,-0.99,-0.66,-0.98,0.296,-0.26,0.167
0.986,0.123,0.395,0.826,0.951,-0.67,0.513,-0.44,0.951,-0.96,-0.55,-0.95,-0.76,0.017,0.850,-0.95,0.986,-0.52,-0.30,-0.85,-0.98,0.313,-0.62,0.951,0.920,-0.96,-0.52,-0.99,-0.99,0.436,0.773,-0.17,0.683,-0.99,-0.94,0.733,0.566,-0.11,0.920,-0.96,-0.02,-0.99,0.683,0.926,-0.86,-0.50,0.313,0.167,-0.52,-0.55,-0.95,-0.91,0.963,-0.64,-0.15,0.395,-0.96,-0.02,-0.11,-0.89,0.920,-0.73,0.992,0.901,0.296,-0.40,-0.40,0.745,0.901,-0.95,0.670,0.670,-0.26,0.901,-0.76,0.123,0.123,0.986,-0.52,0.436,-0.52,0.670,-0.26,-0.52,0.992,0.920,0.253,0.253,-0.30,0.017,-0.42,-0.99,-0.64,0.017,-0.52,0.951
0.395,0.395,-0.30,-0.11,0.253,0.951,0.773,-0.11,-0.02,-0.96,-0.99,0.901,0.963,-0.99,-0.64,-0.83,0.123,-0.26,-0.99,-0.85,0.513,0.035,0.893,-0.99,0.773,0.167,-0.96,-0.73,0.167,-0.11,0.733,-0.99,-0.97,0.994,0.983,0.860,-0.99,0.253,-0.02,-0.96,0.920,-0.38,-0.17,0.893,-0.77,-0.17,0.951,0.636,0.992,-0.30,0.992,0.670,0.850,0.745,0.745,-0.76,-0.55,-0.30,-0.73,-0.96,0.436,0.395,0.123,0.296,0.551,0.270,-0.66,-0.99,-0.91,0.017,0.850,0.901,-0.83,-0.83,-0.95,-0.76,0.123,-0.76,0.395,-0.52,0.986,0.017,-0.15,-0.83,0.123,-0.26,-0.99,0.436,-0.76,0.296,-0.99,-0.64,0.963,0.850,-0.52,-0.98
0.395,0.395,-0.30,-0.11,0.253,0.951,0.773,-0.11,-0.02,-0.96,-0.99,0.901,0.963,-0.99,-0.64,-0.83,0.123,-0.26,-0.99,-0.85,0.513,0.035,0.893,-0.99,0.773,0.167,-0.96,-0.73,0.167,-0.11,0.733,-0.99,-0.97,0.994,0.983,0.860,-0.99,0.253,-0.02,-0.96,0.920,-0.38,-0.17,0.893,-0.77,-0.17,0.951,0.636,0.992,-0.30,0.992,0.670,0.850,0.745,0.745,-0.76,-0.55,-0.30,-0.73,-0.96,0.436,0.395,0.123,0.296,0.551,0.270,-0.66,-0.99,-0.91,0.017,0.850,0.901,-0.83,-0.83,-0.95,-0.76,0.123,-0.76,0.395,-0.52,0.986,0.017,-0.15,-0.83,0.123,-0.26,-0.99,0.436,-0.76,0.296,-0.99,-0.64,0.963,0.850,-0.52,-0.98
-0.30,-0.73,-0.89,-0.67,0.253,0.773,0.920,-0.73,0.920,0.636,-0.95,0.296,-0.66,0.956,-0.66,0.529,0.963,0.850,-0.52,0.253,-0.17,0.683,0.983,-0.92,0.253,0.920,-0.02,0.253,-0.38,0.968,-0.24,-0.72,-0.32,0.983,-0.24,-0.77,-0.17,0.513,0.253,-0.11,0.951,-0.67,0.253,-0.89,-0.85,-0.02,-0.30,0.436,-0.96,-0.11,0.773,-0.02,-0.96,0.395,-0.95,0.986,0.436,0.167,0.826,-0.96,-0.99,0.986,0.850,-0.64,0.551,-0.66,-0.98,-0.99,0.850,0.123,0.123,-0.76,0.017,0.017,-0.95,-0.76,0.901,-0.95,0.992,0.167,-0.52,0.017,-0.42,0.529,0.296,-0.91,0.901,0.850,0.963,0.999,0.529,0.296,-0.83,-0.95,0.992,0.999
0.167,0.773,-0.99,0.968,-0.44,-0.98,-0.85,0.167,0.826,0.636,0.850,-0.40,0.912,-0.75,0.836,-0.98,0.963,-0.26,-0.85,-0.62,-0.24,-0.32,0.994,0.893,-0.38,-0.89,-0.98,0.968,0.035,-0.77,0.379,0.622,0.452,-0.94,-0.77,0.683,-0.94,-0.82,-0.62,-0.99,-0.44,0.773,0.436,0.901,0.017,0.850,-0.95,0.436,0.826,-0.38,0.733,-0.17,0.968,-0.98,-0.02,-0.02,-0.02,-0.11,0.773,0.826,0.636,0.992,0.436,-0.26,-0.15,-0.42,-0.64,-0.91,-0.95,0.986,0.395,-0.26,0.123,0.901,-0.95,0.670,0.395,0.992,-0.02,-0.11,-0.96,0.901,-0.42,0.999,-0.99,-0.15,0.901,0.017,-0.64,0.529,-0.64,0.850,0.670,0.395,-0.30,0.513
-0.89,0.513,0.893,-0.94,-0.92,0.566,-0.02,-0.30,-0.73,0.636,0.901,-0.40,0.912,0.912,-0.13,-0.64,0.986,0.167,0.999,0.893,0.452,-0.86,-0.72,-0.24,-0.99,-0.67,-0.99,-0.82,0.105,-0.94,-0.94,-0.24,-0.77,0.860,-0.77,0.983,0.683,-0.77,0.893,0.035,-0.62,-0.02,0.901,-0.66,0.762,-0.98,-0.15,0.992,-0.11,-0.99,-0.24,-0.50,-0.50,0.683,-0.92,-0.99,0.253,0.773,-0.11,-0.85,-0.02,0.826,-0.11,-0.89,-0.99,0.850,0.017,-0.95,-0.99,0.992,0.436,0.986,0.670,-0.95,0.986,-0.52,-0.73,0.773,-0.38,-0.67,-0.73,0.123,-0.42,0.999,-0.99,-0.15,0,0,0,0,0,0,0,-0.55,0.992,0.253
0.951,-0.92,-0.57,-0.57,0.893,-0.44,-0.85,-0.96,-0.73,-0.30,0.395,0.745,-0.98,0.270,0.529,-0.95,-0.85,0.513,-0.92,0.379,0.184,-0.88,-0.72,0.683,-0.99,-0.67,0.999,0.313,-0.17,-0.82,-0.17,-0.62,0.513,0.513,0.733,0.860,0.860,0.860,0.893,-0.82,-0.38,0.436,-0.42,0.149,0.149,0.956,0.296,0.395,-0.11,-0.17,-0.99,0.184,-0.04,-0.04,-0.50,-0.17,0.253,-0.02,0.826,0.826,-0.89,0.253,0.513,0.513,-0.02,0.986,-0.76,-0.52,0.167,0.826,0.920,-0.30,0.992,0.395,0.395,0.992,-0.85,-0.99,-0.92,-0.62,-0.89,0.670,-0.99,-0.40,0.529,0,0,0,0,0,0,0,0,0.436,-0.99,0
0.773,0.860,0.994,0.452,0.379,-0.92,-0.67,-0.89,0.773,-0.89,0.826,-0.55,-0.83,-0.64,-0.15,0.395,0.773,-0.17,-0.24,0.452,-0.72,0.184,-0.50,-0.92,0.773,0.920,-0.85,0.951,-0.98,-0.98,0.773,-0.89,0.773,-0.89,0.951,-0.38,-0.38,0.513,0.313,0.313,0.773,0.670,-0.40,0.149,-0.84,0.999,0.963,-0.26,0.773,0.860,-0.50,-0.04,0.236,0.784,-0.50,0.313,0.773,-0.96,-0.30,-0.30,0.826,-0.38,0.313,0.968,0.773,0.436,0.992,-0.85,-0.67,0.566,0.999,-0.67,0.773,0.167,0.636,-0.30,-0.11,0.313,-0.82,0.968,0.773,0.986,-0.99,0,0,0,0,0,0,0,0,0,0,0,0,0
0.253,0.893,-0.32,-0.72,0.622,-0.77,0.313,0.313,-0.92,0.733,0.566,0.826,0.395,-0.76,-0.26,-0.30,-0.67,0.035,-0.50,-0.97,-0.97,0.994,-0.77,-0.38,0.436,0.670,-0.99,-0.96,0.167,-0.73,0.992,0.992,0.992,-0.52,0.992,-0.30,0.167,0.773,0.999,0.513,-0.85,-0.26,-0.42,0.270,0.529,-0.91,0.123,-0.30,-0.44,0.683,-0.72,-0.09,0.236,-0.86,0.379,-0.62,-0.11,0.636,-0.55,-0.99,-0.96,-0.67,-0.62,0.313,0.253,0.167,-0.85,-0.67,-0.62,-0.92,-0.82,0.313,0.999,-0.89,-0.96,-0.30,-0.85,0.513,0.313,-0.44,-0.85,0,0,0,0,0,0,0,0,0,0,0,0,0,0,-0.52
0.999,0.105,-0.97,-0.04,0.184,0.452,0.379,0.379,-0.57,0.379,-0.82,-0.38,0.167,0.992,-0.96,-0.67,-0.92,0.683,-0.32,0.926,-0.32,0.379,-0.92,-0.89,0.986,0.017,0.850,0.986,0.395,0.986,-0.76,0.901,0.017,-0.83,-0.76,0.670,0.992,0.826,-0.11,0.773,-0.96,-0.26,-0.91,0.296,0.017,0.395,-0.96,0.253,-0.92,-0.57,0.926,0.784,-0.88,-0.97,0.683,-0.99,0.826,0.436,-0.26,0.395,-0.30,-0.11,-0.38,-0.38,0.773,0.826,-0.85,0.253,0.733,0.893,0.035,0,0,0,0,0,-0.85,0.999,-0.99,-0.44,0.773,-0.30,0,0,0,0,0,0,0,0,0,0,0,-0.30,0.436,0.636
0.313,-0.57,-0.04,0.236,0.236,-0.09,-0.86,-0.97,0.622,0.452,0.105,-0.99,0.951,-0.11,-0.67,0.733,0.379,0.994,0.622,0.622,0.379,0.860,0.566,-0.73,0.986,0.017,-0.91,0.123,0.670,-0.95,-0.83,0.963,-0.99,0.296,-0.91,0.850,0.395,-0.30,0.920,-0.73,-0.52,0.395,-0.26,0.123,-0.95,-0.30,0.253,0.313,0.893,0.379,0.184,-0.86,-0.72,-0.57,0.893,-0.44,0.167,0,0,0,0,0,0,0,0,0,0,0,0,0,0,0,0,0,0,-0.52,0.920,0.253,0,0,0,0,0,0,0,0,0,0,0,0,0,0,-0.02,-0.89,-0.11,0.773
0.313,-0.57,-0.04,0.236,0.236,-0.09,-0.86,-0.97,0.622,0.452,0.105,-0.99,0.951,-0.11,-0.67,0.733,0.379,0.994,0.622,0.622,0.379,0.860,0.566,-0.73,0.986,0.017,-0.91,0.123,0.670,-0.95,-0.83,0.963,-0.99,0.296,-0.91,0.850,0.395,-0.30,0.920,-0.73,-0.52,0.395,-0.26,0.123,-0.95,-0.30,0.253,0.313,0.893,0.379,0.184,-0.86,-0.72,-0.57,0.893,0,0,0,0,0,0,0,0,0,0,0,0,0,0,0,0,0,0,0,0,0,0,0,0,0,0,0,0,0,0,0,0,0,0,0,-0.67,0.773,-0.02,-0.89,-0.11,0.773
0.860,0.184,-0.98,0.329,-0.19,-0.45,0.236,0.184,-0.97,0.994,-0.77,0.313,0.999,0.513,-0.99,0.860,-0.50,0.622,0.452,-0.94,0.733,-0.44,0.951,0.992,0.670,0.901,0.017,0.123,0.670,-0.95,-0.15,-0.64,0.999,-0.64,0.963,-0.91,-0.26,-0.99,0.436,0.395,-0.95,-0.26,-0.95,0.986,-0.52,0.826,-0.38,-0.17,0.860,0.105,0.452,-0.72,0.452,-0.94,0,0,0,0,0,0,0,0,0,0,0,0,0,0,0,0,0,0,0,0,0,0,0,0,0,0,0,0,0,0,0,0,0,0,-0.11,-0.67,0.999,0.999,0.566,-0.44,-0.62,-0.44
-0.24,0.816,0.498,0.053,0.088,-0.19,0.236,0.994,-0.57,0.683,0.035,-0.99,0.566,0.566,0.999,-0.92,-0.24,0.983,-0.94,-0.62,-0.11,0.826,-0.96,-0.52,0.395,0.986,-0.55,-0.99,0.436,-0.55,-0.83,-0.99,0.529,-0.64,0.745,-0.91,0.901,-0.26,-0.76,-0.83,0.745,-0.91,-0.95,0.636,0.826,0.253,-0.62,-0.92,0.968,0.968,0.893,-0.24,0,0,0,0,0,0,0,0,0,0,0,0,0,0,0,0,0,0,0,0,0,0,0,0,0,0,0,0,0,0,0,0,0,0,0.636,-0.30,-0.85,0.253,0.566,-0.62,0.733,0.035,0.860,-0.17
0.983,0.184,0.580,-0.81,0.868,0.721,-0.88,-0.77,-0.17,0.313,0.999,0.951,-0.89,-0.85,-0.11,0.513,0.733,0.733,-0.44,-0.89,0.992,-0.55,0.395,0.992,0.167,0.920,-0.89,-0.11,-0.89,-0.02,-0.99,0.901,-0.83,-0.83,0.850,-0.76,-0.26,0.670,0.123,-0.83,-0.15,0.017,0.436,0.951,0.999,-0.62,0.860,0.105,0.968,0.999,0,0,0,0,0,0,0,0,0,0,0,0,0,0,0,0,0,0,0,0,0,0,0,0,0,0,0,0,0,0,0,0,0,0,0,-0.67,-0.85,0.167,-0.89,0.253,-0.98,-0.99,-0.82,-0.94,-0.24,0.035
0.035,0.379,0.816,-0.98,0.998,-0.68,0.622,-0.92,-0.98,-0.11,-0.02,-0.30,-0.99,0.395,0.992,-0.11,0.999,0.513,0.951,-0.30,0.986,-0.76,-0.76,0.636,0.951,0.999,-0.99,-0.99,0.513,0.566,-0.11,0.167,0.992,-0.99,0.992,-0.73,0.167,0.167,0.436,0.395,-0.55,0.636,-0.11,-0.44,-0.82,0.105,-0.77,0.860,0.513,0,0,0,0,0,0,0,0,0,0,0,0,0,0,0,0,0,0,0,0,0,0,0,0,0,0,0,0,0,0,0,0,0,0,0,-0.99,0.513,0.253,-0.02,0.826,-0.85,-0.89,-0.38,-0.17,0.893,-0.82,0.313
0.773,-0.44,0.893,-0.50,-0.72,-0.32,-0.24,0.968,0.773,-0.73,0.636,0.395,0.017,-0.15,-0.95,-0.30,0.773,-0.98,-0.89,0.436,-0.26,0.850,0.901,-0.99,0.773,-0.99,0.733,0.968,0.313,-0.99,-0.44,0.566,0.773,-0.85,-0.67,-0.99,0.313,-0.99,-0.67,-0.89,0.773,0.566,-0.99,0.968,0.893,-0.77,0.860,0,0,0,0,0,0,0,0,0,0,0,0,0,0,0,0,0,0,0,0,0,0,0,0,0,0,0,0,0,0,0,0,0,0,0,0,0,-0.38,0.999,-0.38,0.773,0.773,-0.89,-0.85,0.253,0.313,0.733,-0.44,0.951
0.986,0.826,-0.44,0.105,-0.99,-0.57,-0.94,-0.17,-0.98,0.920,0.992,0.395,0.017,-0.15,0.901,-0.99,-0.96,0.167,0.636,0.670,0.123,-0.76,0.670,0.436,-0.85,0.513,-0.17,0.733,-0.62,-0.99,-0.99,-0.62,-0.44,-0.99,-0.92,0.683,-0.99,-0.24,-0.92,-0.62,0.968,0.860,0.893,0.893,-0.94,0.105,0,0,0,0,0,0,0,0,0,0,0,0,0,0,0,0,0,0,0,0,0,0,0,0,0,0,0,0,0,0,0,0,0,0,0,0,0,0.826,-0.89,-0.98,0.566,0.999,0.999,-0.67,0.253,0.566,-0.62,0.513,-0.89,0.395
