dist/data/perlin16_3_4_direction.json
{"header": { "nx": 768, "ny": 309, "lo1": -178.86570434467, "lo2": 179.0245843447, "la1": 87.7988655908, "la2": -68.415854409191, "dx": 0.52728, "dy": 0.52728, "noData": -9, "refTime": "2013-11-30T18:00:00.000Z", "forecastTime": 6, "parameterCategory": 2, "parameterNumber": 2, "parameterNumberName": "U component" }, "data":
[rows 102 to 135 of 309, columns 385 to 461 of 768]
0.998,1.0,0.998,0.929,0.605,0.268,0.163,0.109,0.055,0.055,0.055,0.055,0.268,0.516,0.726,0.857,0.994,0.795,0.161,-0.26,-0.16,0.108,0.161,-0.10,-0.16,0.108,0.420,0.515,0.515,0.726,0.928,0.986,0.928,0.795,0.726,0.762,0.883,0.928,0.795,0.468,0.000,-0.31,-0.26,0.000,0.370,0.687,0.762,0.795,0.963,0.976,0.828,0.857,0.986,0.986,0.986,0.998,0.963,0.688,0.370,0.216,0.163,0.055,0.055,0.216,0.469,0.647,0.561,0.421,0.561,0.726,0.796,0.688,0.605,0.726,0.828,0.796,0.647
0.994,0.994,0.963,0.998,0.828,0.320,-0.05,-0.10,-0.05,-0.16,-0.31,-0.36,0.000,0.561,0.907,0.986,0.994,0.795,0.420,0.161,0.214,0.319,0.108,-0.26,-0.31,0.000,0.420,0.561,0.561,0.687,0.907,0.986,0.976,0.963,0.976,0.998,0.976,0.963,0.998,0.883,0.515,0.000,-0.10,0.108,0.561,0.856,0.907,0.883,0.976,0.947,0.726,0.726,0.947,0.998,0.986,0.907,0.726,0.516,0.469,0.561,0.421,0.216,0.000,0.109,0.421,0.688,0.762,0.762,0.857,0.963,0.976,0.907,0.883,0.947,0.976,0.947,0.762
0.963,0.856,0.726,0.827,0.986,0.421,-0.21,-0.41,-0.36,-0.36,-0.41,-0.41,0.000,0.647,0.986,0.963,0.827,0.646,0.515,0.468,0.515,0.468,0.214,-0.16,-0.10,0.267,0.646,0.762,0.646,0.561,0.687,0.856,0.928,0.986,0.986,0.907,0.762,0.726,0.907,1.0,0.762,0.214,-0.10,0.054,0.561,0.928,0.986,0.994,0.994,0.907,0.796,0.828,0.963,0.963,0.857,0.647,0.516,0.469,0.605,0.796,0.726,0.469,0.163,0.109,0.469,0.883,0.994,0.998,0.976,0.928,0.947,0.998,0.998,1.0,0.998,0.998,0.929
0.795,0.604,0.468,0.604,0.986,0.605,-0.16,-0.46,-0.36,-0.26,-0.21,-0.16,0.216,0.688,0.986,0.907,0.646,0.370,0.420,0.604,0.687,0.687,0.515,0.319,0.468,0.762,0.883,0.856,0.646,0.468,0.515,0.762,0.928,0.998,0.963,0.828,0.647,0.561,0.828,0.994,0.827,0.214,-0.05,0.161,0.687,0.986,0.986,0.963,0.883,0.828,0.828,0.929,0.963,0.883,0.688,0.561,0.561,0.605,0.726,0.883,0.947,0.907,0.688,0.469,0.647,0.976,0.928,0.795,0.726,0.726,0.827,0.963,1.0,1.0,0.994,0.986,0.998
0.795,0.604,0.468,0.604,0.986,0.605,-0.16,-0.46,-0.36,-0.26,-0.21,-0.16,0.216,0.688,0.986,0.907,0.646,0.370,0.420,0.604,0.687,0.687,0.515,0.319,0.468,0.762,0.883,0.856,0.646,0.468,0.515,0.762,0.928,0.998,0.963,0.828,0.647,0.561,0.828,0.994,0.827,0.214,-0.05,0.161,0.687,0.986,0.986,0.963,0.883,0.828,0.828,0.929,0.963,0.883,0.688,0.561,0.561,0.605,0.726,0.883,0.947,0.907,0.688,0.469,0.647,0.976,0.928,0.795,0.726,0.726,0.827,0.963,1.0,1.0,0.994,0.986,0.998
0.827,0.687,0.646,0.726,0.986,0.726,0.109,-0.10,-0.05,0.000,0.000,0.055,0.268,0.516,0.883,0.976,0.604,0.214,0.319,0.646,0.795,0.827,0.762,0.762,0.907,0.963,0.947,0.827,0.561,0.420,0.604,0.928,0.994,0.998,0.986,0.929,0.762,0.688,0.947,0.963,0.604,0.054,0.000,0.370,0.795,0.994,0.986,0.947,0.828,0.762,0.828,0.929,0.947,0.857,0.762,0.796,0.857,0.796,0.762,0.883,0.998,0.986,0.994,0.883,0.857,0.986,0.947,0.827,0.795,0.762,0.883,0.994,0.963,0.929,0.976,1.0,0.998
0.963,0.883,0.907,0.963,0.994,0.762,0.421,0.320,0.320,0.109,-0.10,-0.16,-0.05,0.163,0.688,0.994,0.726,0.319,0.420,0.795,0.928,0.928,0.856,0.883,0.986,0.998,0.963,0.762,0.515,0.468,0.827,0.994,0.947,0.976,0.994,0.976,0.883,0.883,0.994,0.726,0.161,-0.26,-0.10,0.420,0.827,0.976,0.998,0.994,0.907,0.762,0.688,0.828,0.883,0.883,0.929,0.994,0.998,0.947,0.828,0.883,0.994,0.856,0.928,0.994,0.947,0.976,0.998,0.986,0.976,0.947,0.976,0.994,0.828,0.605,0.688,0.857,0.963
1.0,0.986,0.986,0.998,0.986,0.857,0.688,0.647,0.605,0.216,-0.26,-0.46,-0.41,-0.16,0.469,0.947,0.883,0.604,0.762,0.976,1.0,1.0,0.976,0.976,0.998,0.994,0.994,0.907,0.762,0.795,0.976,0.947,0.907,0.976,1.0,1.0,0.986,0.998,0.762,0.161,-0.36,-0.64,-0.46,0.108,0.604,0.827,0.883,0.947,0.986,0.796,0.647,0.762,0.929,0.986,0.986,0.883,0.856,0.976,0.994,0.994,0.947,0.795,0.856,0.986,0.994,0.986,0.994,0.986,0.986,1.0,1.0,0.976,0.796,0.516,0.469,0.561,0.796
0.998,0.986,0.986,0.994,1.0,0.963,0.883,0.828,0.796,0.516,-0.05,-0.46,-0.55,-0.41,0.109,0.796,0.994,0.883,0.947,0.986,0.907,0.883,0.947,0.963,0.947,0.947,0.976,0.994,0.994,0.986,0.963,0.907,0.947,1.0,0.976,0.963,0.963,0.827,0.267,-0.31,-0.68,-0.82,-0.68,-0.16,0.370,0.646,0.726,0.883,0.986,0.762,0.647,0.857,0.998,0.947,0.795,0.561,0.468,0.646,0.883,0.963,0.907,0.827,0.827,0.947,0.994,1.0,0.994,0.929,0.857,0.929,0.963,0.947,0.857,0.726,0.647,0.605,0.688
0.976,0.947,0.963,0.976,0.994,0.976,0.857,0.762,0.796,0.647,0.216,-0.26,-0.60,-0.64,-0.26,0.370,0.907,0.998,1.0,0.929,0.762,0.688,0.762,0.796,0.857,0.907,0.883,0.762,0.561,0.516,0.647,0.796,0.947,1.0,0.986,0.976,0.928,0.726,0.214,-0.26,-0.60,-0.76,-0.60,-0.10,0.420,0.687,0.883,0.994,0.828,0.561,0.647,0.947,0.976,0.856,0.687,0.515,0.319,0.420,0.762,0.947,0.976,0.963,0.963,0.986,0.998,1.0,0.986,0.857,0.647,0.647,0.762,0.796,0.828,0.883,0.883,0.828,0.726
0.856,0.883,0.963,0.986,0.998,0.929,0.688,0.561,0.688,0.647,0.320,-0.21,-0.64,-0.82,-0.64,-0.10,0.605,0.947,0.963,0.857,0.688,0.605,0.762,0.828,0.857,0.883,0.762,0.469,0.055,-0.10,0.109,0.469,0.796,0.963,0.986,0.994,0.998,0.907,0.604,0.214,-0.16,-0.41,-0.31,0.161,0.646,0.907,0.998,0.883,0.469,0.216,0.516,0.929,0.986,0.907,0.856,0.726,0.561,0.604,0.883,1.0,0.976,0.963,0.976,0.963,0.947,0.947,0.883,0.647,0.268,0.163,0.320,0.421,0.647,0.883,0.963,0.947,0.796
0.856,0.947,1.0,0.986,0.963,0.796,0.516,0.320,0.469,0.516,0.320,-0.05,-0.55,-0.82,-0.82,-0.51,0.216,0.796,0.929,0.907,0.828,0.796,0.857,0.883,0.883,0.857,0.688,0.320,-0.21,-0.55,-0.51,-0.21,0.163,0.561,0.726,0.762,0.857,0.976,0.947,0.687,0.267,-0.10,-0.10,0.319,0.762,0.986,0.929,0.605,0.055,-0.21,0.109,0.688,0.929,0.994,0.994,0.947,0.883,0.947,0.986,0.762,0.605,0.605,0.688,0.688,0.647,0.647,0.561,0.320,0.055,-0.05,0.000,0.055,0.370,0.796,0.963,0.963,0.796
0.883,0.976,0.994,0.963,0.963,0.883,0.605,0.320,0.320,0.370,0.421,0.370,0.000,-0.46,-0.72,-0.60,0.000,0.688,0.947,0.986,0.976,0.929,0.857,0.762,0.762,0.726,0.516,0.109,-0.46,-0.72,-0.76,-0.60,-0.31,0.055,0.268,0.421,0.516,0.726,0.976,0.928,0.515,0.000,-0.05,0.319,0.762,0.998,0.857,0.421,-0.10,-0.31,-0.10,0.320,0.647,0.796,0.929,0.998,0.998,0.986,0.726,0.370,0.216,0.216,0.370,0.516,0.561,0.469,0.320,0.216,0.216,0.268,0.163,0.055,0.370,0.828,0.994,0.998,0.883
0.883,0.976,0.994,0.963,0.963,0.883,0.605,0.320,0.320,0.370,0.421,0.370,0.000,-0.46,-0.72,-0.60,0.000,0.688,0.947,0.986,0.976,0.929,0.857,0.762,0.762,0.726,0.516,0.109,-0.46,-0.72,-0.76,-0.60,-0.31,0.055,0.268,0.421,0.516,0.726,0.976,0.928,0.515,0.000,-0.05,0.319,0.762,0.998,0.857,0.421,-0.10,-0.31,-0.10,0.320,0.647,0.796,0.929,0.998,0.998,0.986,0.726,0.370,0.216,0.216,0.370,0.516,0.561,0.469,0.320,0.216,0.216,0.268,0.163,0.055,0.370,0.828,0.994,0.998,0.883
0.762,0.907,0.994,1.0,0.994,0.998,0.929,0.647,0.421,0.370,0.605,0.762,0.647,0.268,-0.16,-0.21,0.216,0.647,0.929,0.998,1.0,0.976,0.857,0.647,0.561,0.516,0.216,-0.26,-0.64,-0.72,-0.60,-0.41,-0.26,0.000,0.268,0.469,0.421,0.516,0.857,0.994,0.604,0.054,0.000,0.319,0.726,0.963,0.976,0.762,0.320,0.055,0.109,0.370,0.469,0.561,0.726,0.907,0.963,0.929,0.647,0.370,0.268,0.216,0.421,0.726,0.726,0.561,0.370,0.370,0.647,0.796,0.726,0.516,0.726,0.976,0.963,0.963,0.976
0.370,0.646,0.827,0.856,0.795,0.795,0.986,0.929,0.726,0.561,0.726,0.907,0.907,0.796,0.561,0.516,0.647,0.762,0.857,0.947,0.986,0.976,0.883,0.688,0.561,0.421,0.000,-0.51,-0.72,-0.55,-0.16,0.109,0.216,0.421,0.647,0.726,0.605,0.469,0.688,0.986,0.762,0.267,0.267,0.561,0.762,0.883,0.963,0.998,0.828,0.605,0.516,0.605,0.561,0.421,0.469,0.688,0.857,0.883,0.762,0.688,0.605,0.561,0.726,0.929,0.947,0.762,0.516,0.516,0.883,0.994,0.976,0.883,0.963,0.976,0.827,0.856,1.0
-0.21,0.214,0.604,0.726,0.646,0.646,0.883,1.0,0.883,0.726,0.828,0.963,0.994,0.998,0.986,0.976,0.976,0.929,0.828,0.796,0.828,0.828,0.828,0.762,0.647,0.370,-0.16,-0.64,-0.68,-0.26,0.320,0.561,0.605,0.762,0.883,0.947,0.796,0.469,0.421,0.796,0.986,0.795,0.795,0.907,0.928,0.856,0.795,0.883,0.998,0.947,0.857,0.857,0.726,0.370,0.109,0.109,0.370,0.605,0.762,0.857,0.883,0.857,0.929,0.998,1.0,0.947,0.762,0.762,0.963,1.0,0.994,0.947,0.994,0.907,0.646,0.687,0.976
-0.46,0.000,0.468,0.726,0.687,0.646,0.762,0.963,0.976,0.907,0.963,0.986,0.907,0.795,0.856,0.928,0.976,0.998,0.907,0.726,0.516,0.421,0.516,0.605,0.561,0.320,-0.21,-0.64,-0.51,0.109,0.647,0.762,0.688,0.762,0.929,0.986,0.857,0.421,0.163,0.516,0.929,1.0,0.998,1.0,0.986,0.883,0.687,0.646,0.856,0.994,0.976,0.947,0.828,0.421,-0.16,-0.46,-0.41,-0.10,0.421,0.828,0.929,0.963,0.986,0.986,0.976,0.998,0.947,0.929,0.998,0.998,0.994,0.947,0.998,0.795,0.420,0.468,0.907
-0.16,0.108,0.468,0.726,0.726,0.604,0.646,0.883,1.0,0.976,0.998,0.883,0.646,0.515,0.646,0.883,0.947,0.994,0.986,0.796,0.320,-0.05,0.055,0.370,0.516,0.421,0.109,-0.21,0.055,0.561,0.828,0.762,0.516,0.469,0.726,0.857,0.688,0.268,0.055,0.370,0.828,0.976,0.994,0.998,0.963,0.883,0.762,0.687,0.827,0.994,0.947,0.828,0.726,0.421,-0.16,-0.64,-0.82,-0.76,-0.26,0.421,0.796,0.907,0.963,1.0,0.994,0.998,0.963,0.963,0.998,0.998,0.998,0.986,0.976,0.726,0.420,0.515,0.907
0.420,0.420,0.420,0.561,0.561,0.468,0.515,0.762,0.994,0.986,0.998,0.856,0.604,0.468,0.726,0.963,0.994,0.994,1.0,0.883,0.268,-0.21,-0.05,0.370,0.688,0.828,0.726,0.647,0.796,0.929,0.929,0.762,0.320,0.109,0.268,0.469,0.320,0.109,0.109,0.469,0.857,0.986,0.994,0.928,0.856,0.856,0.856,0.856,0.928,0.994,0.796,0.516,0.516,0.421,0.000,-0.51,-0.88,-0.94,-0.76,-0.16,0.421,0.647,0.796,0.907,0.963,0.929,0.883,0.883,0.976,0.998,0.986,0.976,0.883,0.687,0.561,0.726,0.976
0.687,0.468,0.267,0.214,0.319,0.319,0.515,0.795,0.994,0.994,0.994,0.883,0.726,0.726,0.907,1.0,0.998,0.998,0.998,0.947,0.516,0.109,0.320,0.726,0.963,0.998,0.994,0.998,0.986,0.994,0.976,0.762,0.320,0.055,0.163,0.370,0.370,0.268,0.268,0.516,0.828,0.986,0.976,0.827,0.762,0.856,0.947,0.947,0.976,0.976,0.762,0.516,0.516,0.421,0.055,-0.41,-0.82,-0.94,-0.82,-0.31,0.163,0.421,0.516,0.726,0.857,0.857,0.796,0.796,0.963,0.986,0.883,0.827,0.762,0.687,0.762,0.907,1.0
0.795,0.561,0.267,0.267,0.420,0.604,0.795,0.928,0.998,1.0,0.976,0.856,0.827,0.947,1.0,0.963,0.986,0.998,0.994,0.986,0.796,0.561,0.726,0.963,0.976,0.856,0.827,0.762,0.726,0.907,0.976,0.726,0.469,0.268,0.370,0.647,0.726,0.688,0.605,0.605,0.762,0.929,0.998,0.856,0.762,0.907,0.986,0.998,0.998,0.986,0.857,0.726,0.647,0.421,0.000,-0.41,-0.68,-0.82,-0.68,-0.16,0.268,0.370,0.469,0.688,0.907,0.963,0.929,0.857,0.976,0.976,0.856,0.827,0.827,0.795,0.856,0.963,0.986
0.907,0.795,0.726,0.726,0.856,0.928,0.963,0.976,0.998,0.994,0.976,0.928,0.963,1.0,0.963,0.963,0.998,0.998,0.998,0.976,0.883,0.796,0.907,0.998,0.883,0.762,0.687,0.515,0.468,0.827,0.998,0.857,0.762,0.647,0.726,0.883,0.986,0.994,0.963,0.907,0.857,0.883,0.986,0.947,0.856,0.947,0.998,0.998,1.0,0.994,0.929,0.828,0.762,0.469,0.109,-0.21,-0.41,-0.55,-0.36,0.109,0.469,0.561,0.688,0.883,0.998,0.986,0.998,0.929,0.963,0.998,0.963,0.986,0.986,0.947,0.883,0.963,0.998
0.907,0.795,0.726,0.726,0.856,0.928,0.963,0.976,0.998,0.994,0.976,0.928,0.963,1.0,0.963,0.963,0.998,0.998,0.998,0.976,0.883,0.796,0.907,0.998,0.883,0.762,0.687,0.515,0.468,0.827,0.998,0.857,0.762,0.647,0.726,0.883,0.986,0.994,0.963,0.907,0.857,0.883,0.986,0.947,0.856,0.947,0.998,0.998,1.0,0.994,0.929,0.828,0.762,0.469,0.109,-0.21,-0.41,-0.55,-0.36,0.109,0.469,0.561,0.688,0.883,0.998,0.986,0.998,0.929,0.963,0.998,0.963,0.986,0.986,0.947,0.883,0.963,0.998
0.998,0.998,0.994,1.0,0.994,0.998,0.986,0.963,0.986,0.998,0.998,1.0,0.994,0.963,0.963,0.994,0.998,0.998,0.947,0.883,0.828,0.828,0.963,0.963,0.795,0.687,0.646,0.420,0.319,0.646,0.963,0.994,0.963,0.883,0.857,0.963,0.976,0.883,0.907,0.963,1.0,0.963,0.986,0.963,0.907,0.963,1.0,0.994,0.998,0.976,0.857,0.762,0.726,0.605,0.421,0.268,0.055,-0.16,-0.10,0.320,0.688,0.796,0.883,0.994,0.928,0.907,0.998,0.907,0.907,0.963,0.986,0.947,0.947,0.998,0.928,0.947,1.0
0.688,0.762,0.762,0.762,0.828,0.976,0.963,0.883,0.963,0.986,0.907,0.883,0.907,0.929,0.986,0.994,0.986,0.986,0.828,0.726,0.857,0.947,0.998,0.883,0.646,0.468,0.267,0.000,-0.10,0.161,0.646,0.883,0.986,0.963,0.929,0.994,0.928,0.726,0.646,0.687,0.883,0.998,0.998,0.986,0.947,0.976,1.0,0.986,0.947,0.796,0.469,0.320,0.469,0.688,0.857,0.883,0.726,0.469,0.370,0.647,0.883,0.976,0.994,0.856,0.687,0.856,0.994,0.762,0.688,0.857,0.947,0.929,0.947,1.0,0.963,0.994,0.986
0.268,0.268,0.268,0.320,0.647,0.963,0.963,0.907,0.998,0.883,0.726,0.796,0.907,0.963,0.998,0.976,0.976,0.986,0.828,0.857,0.998,0.907,0.726,0.561,0.420,0.161,-0.21,-0.51,-0.51,-0.31,0.161,0.646,0.928,0.998,0.994,0.963,0.762,0.604,0.604,0.646,0.795,0.986,0.986,0.994,0.994,0.986,0.994,0.907,0.726,0.370,0.055,0.000,0.268,0.688,0.963,0.998,0.976,0.907,0.883,0.963,0.998,0.947,0.726,0.370,0.319,0.762,0.994,0.726,0.647,0.796,0.929,0.963,0.998,0.976,0.986,0.994,0.963
0.370,0.163,0.216,0.370,0.688,0.963,1.0,0.998,0.907,0.688,0.688,0.883,0.976,0.986,0.994,0.994,0.986,0.998,0.976,0.998,0.646,0.054,-0.10,0.000,0.108,-0.10,-0.41,-0.64,-0.64,-0.51,-0.05,0.515,0.907,0.994,0.947,0.687,0.515,0.561,0.726,0.726,0.795,0.976,0.976,0.947,0.998,0.998,0.963,0.647,0.320,0.109,0.109,0.216,0.320,0.647,0.929,0.976,0.986,0.994,0.998,0.986,0.928,0.795,0.420,0.000,0.054,0.561,0.976,0.947,0.883,0.857,0.929,0.986,0.976,0.907,0.963,0.986,0.947
0.688,0.469,0.421,0.605,0.828,0.947,0.929,0.828,0.647,0.469,0.688,0.963,1.0,0.994,0.976,0.998,0.986,0.976,0.928,0.646,-0.16,-0.68,-0.72,-0.41,-0.16,-0.10,-0.26,-0.36,-0.41,-0.46,-0.16,0.370,0.827,0.947,0.795,0.370,0.214,0.468,0.726,0.762,0.795,0.963,0.986,0.947,0.994,0.998,0.883,0.370,0.000,0.109,0.469,0.647,0.647,0.647,0.762,0.796,0.883,0.976,1.0,0.976,0.928,0.795,0.420,0.000,0.054,0.370,0.762,0.947,1.0,0.947,0.907,0.976,0.963,0.827,0.907,1.0,0.986
0.762,0.561,0.561,0.726,0.907,0.963,0.883,0.726,0.605,0.561,0.796,0.986,0.998,0.976,0.963,0.998,0.947,0.827,0.646,0.267,-0.36,-0.72,-0.72,-0.46,-0.16,0.000,0.000,0.000,-0.05,-0.16,-0.10,0.161,0.515,0.762,0.646,0.319,0.214,0.420,0.687,0.762,0.856,0.986,0.986,0.976,0.994,0.976,0.726,0.163,0.000,0.216,0.647,0.857,0.828,0.688,0.605,0.605,0.762,0.929,0.994,0.998,0.963,0.795,0.420,0.054,0.054,0.319,0.604,0.827,0.986,0.963,0.907,0.963,0.976,0.827,0.827,0.947,0.976
0.561,0.421,0.469,0.762,0.963,0.998,0.963,0.857,0.828,0.907,0.986,0.994,0.998,0.963,0.976,0.986,0.762,0.370,0.161,0.054,-0.21,-0.41,-0.36,-0.16,0.054,0.108,0.108,0.214,0.370,0.370,0.214,0.000,0.108,0.319,0.420,0.319,0.267,0.420,0.687,0.856,0.976,0.994,0.947,0.963,0.976,0.907,0.605,0.268,0.216,0.421,0.726,0.929,0.929,0.762,0.605,0.561,0.828,0.986,1.0,0.998,0.963,0.762,0.267,0.000,0.108,0.319,0.646,0.883,0.998,0.907,0.929,0.994,0.976,0.907,0.907,0.928,0.907
0.216,0.109,0.216,0.647,0.976,0.963,0.976,1.0,0.998,0.947,0.856,0.827,0.976,1.0,0.976,0.726,0.161,-0.26,-0.26,0.000,0.108,0.054,0.054,0.161,0.214,0.161,0.108,0.370,0.726,0.795,0.561,0.054,-0.21,-0.16,0.000,0.054,0.000,0.108,0.515,0.827,0.994,0.947,0.907,0.976,0.976,0.883,0.688,0.605,0.688,0.726,0.796,0.947,0.976,0.907,0.762,0.796,0.986,0.947,0.928,0.963,0.907,0.646,0.214,0.108,0.319,0.561,0.827,0.998,0.883,0.726,0.883,0.994,0.998,0.998,1.0,0.998,0.963
0.216,0.109,0.216,0.647,0.976,0.963,0.976,1.0,0.998,0.947,0.856,0.827,0.976,1.0,0.976,0.726,0.161,-0.26,-0.26,0.000,0.108,0.054,0.054,0.161,0.214,0.161,0.108,0.370,0.726,0.795,0.561,0.054,-0.21,-0.16,0.000,0.054,0.000,0.108,0.515,0.827,0.994,0.947,0.907,0.976,0.976,0.883,0.688,0.605,0.688,0.726,0.796,0.947,0.976,0.907,0.762,0.796,0.986,0.947,0.928,0.963,0.907,0.646,0.214,0.108,0.319,0.561,0.827,0.998,0.883,0.726,0.883,0.994,0.998,0.998,1.0,0.998,0.963
0.109,-0.05,0.055,0.561,0.994,0.856,0.795,0.883,0.827,0.604,0.370,0.468,0.795,0.907,0.726,0.161,-0.41,-0.72,-0.56,-0.05,0.267,0.267,0.214,0.267,0.319,0.319,0.370,0.604,0.928,0.986,0.856,0.319,-0.21,-0.46,-0.46,-0.41,-0.51,-0.41,0.054,0.515,0.928,0.994,0.986,0.998,0.998,0.976,0.907,0.929,0.947,0.929,0.907,0.986,1.0,0.986,0.929,0.963,0.963,0.762,0.762,0.883,0.883,0.726,0.468,0.468,0.646,0.795,0.963,0.963,0.647,0.421,0.647,0.907,0.947,0.883,0.828,0.907,0.976
